0	0.233333	1.33333	3.1415	1.04717	-21.9064	
0.0182612	0.256649	1.20479	3.16117	1.12108	-54.026	
0.0606434	0.300034	0.859611	3.21313	1.30655	-42.5391	
0.125647	0.340663	0.360916	3.30338	1.48396	-57.0885	
0.211177	0.335447	-0.471728	3.44247	1.72426	-53.9076	
0.314483	0.245765	-1.24285	3.61569	1.58032	-46.6265	
0.432245	0.043114	-2.20232	3.78701	1.3041	-46.461	
0.560678	-0.281576	-2.69969	3.90997	0.513167	-4.89021	
0.695654	-0.646002	-2.68722	3.91205	-0.432237	1.46139	
0.832835	-0.994177	-2.18639	3.79178	-1.4032	55.0472	
0.967811	-1.16363	-0.0178797	3.49609	-3.13238	138.201	
1.09624	-0.94813	3.61438	2.94855	-5.41322	208.062	
1.21401	-0.278481	7.7275	2.23394	-6.28	199.079	
1.31731	0.648846	9.75576	1.65526	-4.62448	34.6712	
1.40284	1.47513	9.32278	1.33607	-2.95017	-70.3079	
1.46785	2.0547	8.49816	1.17164	-2.16263	-79.2575	
1.51023	2.40257	7.90188	1.08807	-1.80504	-92.1626	
1.52849	2.54432	7.62413	1.05614	-1.69367	-89.6254	
1.52849	2.54432	7.62413	1.05614	-1.69367	-89.6254	
1.54675	2.68108	7.35441	1.02616	-1.59246	-89.599	
1.58913	2.9796	6.7353	0.96282	-1.40675	-87.5459	
1.65414	3.38763	5.82956	0.878089	-1.21507	-81.607	
1.73967	3.83904	4.74808	0.781312	-1.06107	-72.2637	
1.84297	4.26957	3.61882	0.678111	-0.944624	-61.1153	
1.96073	4.63075	2.55199	0.572897	-0.845138	-49.7703	
2.08917	4.89626	1.61928	0.470729	-0.746409	-39.4071	
2.22414	5.06091	0.853313	0.376902	-0.643911	-30.5223	
2.36132	5.13516	0.256341	0.295628	-0.541737	-23.337	
2.4963	5.13824	-0.190143	0.228941	-0.447814	-17.7808	
2.62473	5.09217	-0.512665	0.176693	-0.367437	-13.6023	
2.74249	5.01788	-0.739222	0.137308	-0.303038	-10.5805	
2.8458	4.93318	-0.894371	0.108584	-0.254178	-8.41295	
2.93133	4.85214	-0.997307	0.088391	-0.218786	-6.92403	
2.99633	4.78513	-1.06258	0.0749574	-0.194951	-5.947	
3.03872	4.73929	-1.09971	0.0670015	-0.180633	-5.35534	
3.05698	4.71908	-1.11451	0.0637568	-0.17477	-5.14182	
3.05698	4.71908	-1.11451	0.0637568	-0.17477	-5.14182	
3.07524	4.69859	-1.12864	0.0606172	-0.169109	-4.90653	
3.11762	4.65011	-1.15888	0.0537186	-0.156576	-4.4063	
3.18262	4.57343	-1.19892	0.0441214	-0.139039	-3.72032	
3.26815	4.469	-1.24128	0.0331166	-0.1188	-2.93447	
3.37146	4.3387	-1.27909	0.021945	-0.0981236	-2.14175	
3.48922	4.18626	-1.30753	0.0115656	-0.0788468	-1.40723	
3.61766	4.01711	-1.32424	0.00255876	-0.0620712	-0.769326	
3.75263	3.83792	-1.32912	-0.0048483	-0.0482615	-0.244564	
3.88981	3.65585	-1.3237	-0.0106893	-0.037354	0.172946	
4.02479	3.47801	-1.31039	-0.0151433	-0.0289871	0.493945	
4.15322	3.31084	-1.29201	-0.0184486	-0.0227249	0.735301	
4.27098	3.15987	-1.27127	-0.0208435	-0.0181054	0.913769	
4.37429	3.02959	-1.25061	-0.0225364	-0.0147705	1.04081	
4.45982	2.92341	-1.23207	-0.0236972	-0.0124288	1.13081	
4.52482	2.8438	-1.21724	-0.024453	-0.0108557	1.19005	
4.56721	2.79242	-1.20727	-0.0248931	-0.00992422	1.22416	
4.58547	2.77042	-1.20291	-0.0250708	-0.00954201	1.23986	
4.58547	2.77042	-1.20291	-0.0250708	-0.00954201	1.23986	
4.60373	2.74849	-1.1985	-0.0252417	-0.00916813	1.25385	
4.64611	2.69792	-1.18813	-0.0256125	-0.008341	1.28437	
4.71111	2.62121	-1.17188	-0.0261162	-0.00717615	1.32661	
4.79664	2.52191	-1.14991	-0.0266704	-0.00581394	1.37476	
4.89995	2.40452	-1.12265	-0.0271955	-0.00438986	1.42304	
5.01771	2.27418	-1.09081	-0.0276291	-0.0030122	1.46674	
5.14615	2.13636	-1.05541	-0.0279326	-0.00175289	1.50274	
5.28112	1.99644	-1.01767	-0.0280925	-0.000648644	1.52968	
5.4183	1.85949	-0.978995	-0.0281151	0.000291513	1.54747	
5.55328	1.72992	-0.940817	-0.0280216	0.00107224	1.55684	
5.68171	1.61142	-0.904525	-0.0278422	0.00170568	1.55942	
5.79947	1.50686	-0.871381	-0.027611	0.0022098	1.55716	
5.90278	1.41833	-0.842475	-0.0273621	0.00260006	1.55176	
5.98831	1.34729	-0.818703	-0.0271272	0.00288904	1.54509	
6.05331	1.29466	-0.800748	-0.0269328	0.0030902	1.53898	
6.09569	1.26097	-0.789097	-0.0267991	0.0032146	1.53472	
6.11396	1.24661	-0.784091	-0.02674	0.00326711	1.53288	
6.11396	1.24661	-0.784091	-0.02674	0.00326711	1.53288	
6.13222	1.23233	-0.779095	-0.0266798	0.00331811	1.5303	
6.1746	1.19956	-0.767539	-0.0265368	0.00343008	1.52489	
6.2396	1.15024	-0.749917	-0.0263085	0.00359162	1.51627	
6.32513	1.08708	-0.726935	-0.0259929	0.00378655	1.50365	
6.42844	1.01341	-0.699506	-0.0255906	0.00399736	1.48691	
6.5462	0.932849	-0.66871	-0.0251071	0.00420926	1.46589	
6.67463	0.849089	-0.635736	-0.0245533	0.00440836	1.44088	
6.80961	0.765578	-0.601812	-0.023946	0.00458659	1.41259	
6.94679	0.68534	-0.568141	-0.0233061	0.0047377	1.38184	
7.08177	0.610844	-0.535841	-0.0226582	0.00485825	1.34996	
7.2102	0.543956	-0.505899	-0.0220281	0.00494943	1.31832	
7.32796	0.485962	-0.479141	-0.0214413	0.00501421	1.28841	
7.43127	0.437652	-0.456225	-0.0209209	0.00505834	1.2616	
7.5168	0.399428	-0.437654	-0.020487	0.00508612	1.23896	
7.5818	0.371431	-0.423785	-0.0201558	0.00510238	1.22168	
7.62418	0.35366	-0.414856	-0.0199394	0.0051113	1.21024	
7.64244	0.346119	-0.411037	-0.019846	0.00511415	1.20505	
7.64244	0.346119	-0.411037	-0.019846	0.00511415	1.20505	
7.66071	0.338647	-0.407235	-0.0197526	0.00511682	1.20045	
7.70309	0.321574	-0.398474	-0.0195356	0.00512384	1.18914	
7.76809	0.296104	-0.385213	-0.0192023	0.00513182	1.17138	
7.85362	0.263891	-0.368094	-0.0187631	0.00513697	1.14796	
7.95693	0.226912	-0.347913	-0.0182324	0.00513612	1.1194	
8.07469	0.187263	-0.325575	-0.0176281	0.00512522	1.08662	
8.20312	0.14697	-0.302024	-0.0169711	0.00510298	1.05075	
8.3381	0.107824	-0.278182	-0.0162845	0.00506889	1.01293	
8.47528	0.0712702	-0.254904	-0.0155922	0.00502412	0.974551	
8.61026	0.0383576	-0.23293	-0.0149175	0.00497186	0.936913	
8.73869	0.00973857	-0.212872	-0.0142825	0.00491532	0.901278	
8.85645	-0.0142825	-0.195202	-0.0137069	0.00485865	0.868832	
8.95976	-0.033672	-0.180264	-0.0132077	0.0048055	0.840543	
9.04529	-0.0485754	-0.168291	-0.0127987	0.00475923	0.817295	
9.11029	-0.0592257	-0.159428	-0.0124905	0.00472299	0.799724	
9.15267	-0.0658622	-0.153759	-0.0122908	0.00469871	0.788291	
9.17093	-0.068648	-0.151343	-0.0122051	0.00468809	0.783392	
9.17093	-0.068648	-0.151343	-0.0122051	0.00468809	0.783392	
9.18919	-0.0713897	-0.148943	-0.0121196	0.00467731	0.778438	
9.23158	-0.0775853	-0.143435	-0.0119219	0.00465173	0.767076	
9.29658	-0.0866387	-0.135151	-0.0116208	0.0046119	0.749805	
9.38211	-0.0977426	-0.124555	-0.0112286	0.00455868	0.72724	
9.48542	-0.109968	-0.112209	-0.0107611	0.00449324	0.700267	
9.60318	-0.122382	-0.0987325	-0.0102364	0.0044176	0.669906	
9.73161	-0.134157	-0.0847479	-0.00967436	0.00433406	0.63726	
9.86659	-0.144648	-0.0708382	-0.00909534	0.00424553	0.603515	
10.0038	-0.153442	-0.0575117	-0.00851912	0.00415537	0.569812	
10.1387	-0.160364	-0.0451805	-0.00796423	0.00406676	0.53724	
10.2672	-0.165451	-0.0341512	-0.00744731	0.00398297	0.50681	
10.3849	-0.168907	-0.0246295	-0.00698275	0.00390693	0.479382	
10.4882	-0.17104	-0.0167334	-0.00658255	0.00384102	0.455701	
10.5738	-0.172203	-0.0105136	-0.00625634	0.00378725	0.436367	
10.6388	-0.172738	-0.00597615	-0.00601147	0.00374689	0.421825	
10.6812	-0.17293	-0.00310498	-0.00585322	0.00372086	0.41244	
10.6994	-0.172976	-0.00188888	-0.00578537	0.00370979	0.408441	
10.6994	-0.172976	-0.00188888	-0.00578537	0.00370979	0.408441	
10.7177	-0.172999	-0.000685435	-0.00571773	0.00369873	0.404367	
10.7601	-0.17297	0.00205889	-0.00556151	0.003673	0.395056	
10.8251	-0.172703	0.00613726	-0.00532402	0.00363408	0.380919	
10.9106	-0.171957	0.0112649	-0.00501536	0.00358376	0.362497	
11.0139	-0.170488	0.0171019	-0.00464822	0.00352436	0.340557	
11.1317	-0.168105	0.0232882	-0.00423707	0.00345865	0.315932	
11.2601	-0.16471	0.0294782	-0.00379734	0.00338947	0.28954	
11.3951	-0.160327	0.0353704	-0.00334458	0.0033197	0.262294	
11.5323	-0.1551	0.0407286	-0.00289388	0.00325169	0.235095	
11.6672	-0.149281	0.0453938	-0.00245933	0.00318774	0.208802	
11.7957	-0.143195	0.0492851	-0.0020537	0.00312923	0.184157	
11.9134	-0.137204	0.0523922	-0.00168827	0.00307731	0.161897	
12.0167	-0.131667	0.0547609	-0.00137265	0.00303306	0.142581	
12.1023	-0.126908	0.0564726	-0.0011148	0.00299656	0.126721	
12.1673	-0.123199	0.0576245	-0.000920901	0.00296936	0.11486	
12.2097	-0.120742	0.0583069	-0.000795421	0.00295191	0.107035	
12.2279	-0.119675	0.0585838	-0.000741588	0.00294388	0.103468	
12.2279	-0.119675	0.0585838	-0.000741588	0.00294388	0.103468	
12.2462	-0.118603	0.0588519	-0.000687895	0.00293711	0.101011	
12.2886	-0.116096	0.0594368	-0.000563714	0.00292221	0.0928346	
12.3536	-0.112206	0.0602249	-0.000374678	0.00289403	0.0810822	
12.4391	-0.107017	0.0610783	-0.000128517	0.00286293	0.0661641	
12.5424	-0.100666	0.0618204	0.000165128	0.00282001	0.0471931	
12.6602	-0.0933546	0.0622878	0.000494076	0.00276792	0.0268491	
12.7886	-0.0853455	0.0623522	0.000846143	0.00271261	0.00411555	
12.9236	-0.0769537	0.0619065	0.00120733	0.00263714	-0.0196346	
13.0607	-0.0685219	0.0609381	0.00156363	0.00255695	-0.0429389	
13.1957	-0.0603899	0.059471	0.00190236	0.00245591	-0.0670066	
13.3242	-0.0528671	0.0576037	0.00221012	0.00233494	-0.088572	
13.4419	-0.0462034	0.055504	0.00247794	0.00220784	-0.109078	
13.5452	-0.0405788	0.0533376	0.00269856	0.00205789	-0.127232	
13.6308	-0.0361012	0.0513364	0.00286884	0.00192343	-0.140581	
13.6958	-0.0328173	0.0496778	0.00299005	0.00179848	-0.154298	
13.7381	-0.030736	0.04853	0.00306421	0.00170431	-0.157062	
13.7564	-0.0298543	0.0480462	0.00309512	0.00168688	-0.148771	
13.7564	-0.0298543	0.0480462	0.00309512	0.00168688	-0.148771	
13.7747	-0.0289815	0.0475258	0.00312561	0.00163922	-0.176752	
13.817	-0.0269946	0.0462449	0.00319153	0.00148852	-0.17173	
13.882	-0.0240502	0.0443329	0.00328498	0.00138292	-0.180646	
13.9676	-0.0203773	0.0414906	0.00339034	0.00104846	-0.20627	
14.0709	-0.0162774	0.0378832	0.00347789	0.000677615	-0.20921	
14.1886	-0.0120692	0.0334849	0.00353197	0.000176644	-0.239963	
14.3171	-0.00810954	0.0281317	0.00350084	-0.000662785	-0.254532	
14.4521	-0.00469871	0.0223672	0.0033568	-0.0014942	-0.26736	
14.5892	-0.00206129	0.0159933	0.00307038	-0.00275789	-0.291286	
14.7242	-0.000331166	0.00972612	0.00261009	-0.00400325	-0.27183	
14.8526	0.000556267	0.00411331	0.0020279	-0.00510121	-0.265064	
14.9704	0.000755206	-0.000524768	0.00136802	-0.00597321	-0.200074	
15.0737	0.000560663	-0.00293038	0.000758466	-0.00563417	-0.0921222	
15.1592	0.000271561	-0.00360683	0.00031378	-0.00463996	0.0098245	
15.2242	6.32789e-05	-0.00238696	6.73462e-05	-0.0026101	0.238383	
15.2666	2.87169e-06	-0.000436797	2.9414e-06	-0.000449701	0.247466	
15.2849	-6.2845e-18	4.74043e-17	2.55418e-18	-1.64061e-18	-1.60677e-07	
