0	0.233333	4	3.1415	1.04717	-20.1619	
0.0228437	0.323843	3.92508	3.16552	1.05378	-18.8977	
0.0758615	0.527534	3.75956	3.22116	1.03977	-18.3715	
0.157177	0.823102	3.51158	3.30307	0.964825	-17.792	
0.26417	1.18235	3.21027	3.39725	0.781102	-15.7133	
0.3934	1.57665	2.90178	3.479	0.475071	-13.014	
0.540714	1.98196	2.6109	3.52194	0.112603	-10.4486	
0.701377	2.38193	2.39015	3.51106	-0.23971	-5.50517	
0.870224	2.7756	2.28893	3.44495	-0.518945	-1.95194	
1.04183	3.16358	2.23717	3.34463	-0.618835	-0.876308	
1.21068	3.53922	2.21356	3.24271	-0.565455	-0.775452	
1.37134	3.88802	2.09275	3.16751	-0.331703	-8.74819	
1.51865	4.17421	1.75622	3.14584	0.0533363	-17.9602	
1.64788	4.37215	1.26983	3.17707	0.438183	-28.8413	
1.75488	4.47666	0.646505	3.24366	0.813284	-41.3891	
1.83619	4.50624	0.0779964	3.32046	1.05834	-43.4953	
1.88921	4.49998	-0.332009	3.37987	1.19095	-56.8728	
1.91205	4.48972	-0.579523	3.40817	1.29839	-79.1648	
1.91205	4.48972	-0.579523	3.40817	1.29839	-79.1648	
1.9349	4.47431	-0.738964	3.4383	1.3077	-26.6256	
1.98792	4.42659	-1.13058	3.50639	1.3201	-68.6482	
2.06923	4.29753	-1.98218	3.62285	1.46072	-46.0205	
2.17622	4.0531	-2.57503	3.75697	1.0306	-40.0467	
2.30545	3.65885	-3.50392	3.8693	0.680848	-33.1333	
2.45277	3.12515	-3.52021	3.8948	-0.428004	19.539	
2.61343	2.60869	-2.82998	3.74078	-1.45467	42.9584	
2.78228	2.32971	0.216946	3.31587	-4.00295	187.209	
2.95388	2.88013	6.22062	2.37542	-6.28	195.777	
3.12273	4.23137	8.83378	1.47793	-3.80246	-6.51986	
3.28339	5.53244	6.9439	1.07201	-1.68937	-103.807	
3.43071	6.38205	4.72943	0.857804	-1.25597	-72.8685	
3.55994	6.90079	3.30846	0.7195	-0.942973	-69.2357	
3.66693	7.18949	2.12173	0.617322	-0.96468	-57.255	
3.74825	7.33628	1.53267	0.544473	-0.80841	-39.7901	
3.80126	7.40697	1.10446	0.502392	-0.809441	-56.8775	
3.82411	7.43	0.930324	0.483781	-0.804565	-26.6369	
3.82411	7.43	0.930324	0.483781	-0.804565	-26.6369	
3.84695	7.44997	0.812559	0.466006	-0.757859	-35.541	
3.89997	7.48446	0.48661	0.426996	-0.720479	-37.4625	
3.98128	7.50533	0.0446179	0.370493	-0.663347	-29.7064	
4.08828	7.48463	-0.416795	0.304623	-0.571045	-24.477	
4.21751	7.40001	-0.874175	0.236407	-0.486853	-19.2168	
4.36482	7.24178	-1.24926	0.17203	-0.385858	-13.1847	
4.52548	7.01688	-1.53585	0.117888	-0.294806	-9.75821	
4.69433	6.73848	-1.74487	0.0740441	-0.225203	-6.14345	
4.86594	6.42777	-1.86503	0.0412973	-0.15954	-3.70895	
5.03478	6.10608	-1.93959	0.0178755	-0.121502	-2.40206	
5.19545	5.79162	-1.96707	0.000946656	-0.0882052	-0.655644	
5.34276	5.50168	-1.9685	-0.0101581	-0.0660601	-0.401186	
5.47199	5.24757	-1.96066	-0.0180299	-0.0545607	0.561344	
5.57898	5.03891	-1.93912	-0.0230799	-0.0407474	0.794797	
5.6603	4.88179	-1.92553	-0.0262579	-0.0381087	0.79353	
5.71332	4.78005	-1.9111	-0.0281609	-0.0325667	1.64891	
5.73616	4.73647	-1.90476	-0.0288754	-0.0306458	0.649439	
5.73616	4.73647	-1.90476	-0.0288754	-0.0306458	0.649439	
5.75901	4.69301	-1.89995	-0.0295763	-0.0304502	1.13337	
5.81202	4.59266	-1.88511	-0.0311089	-0.0271615	1.44274	
5.89334	4.44036	-1.86083	-0.0331312	-0.0229329	1.49305	
6.00033	4.24306	-1.82673	-0.0353575	-0.018657	1.70736	
6.12956	4.00989	-1.78134	-0.0374358	-0.0137139	1.87123	
6.27688	3.75145	-1.72686	-0.039156	-0.00986978	1.99515	
6.43754	3.47901	-1.66398	-0.0404453	-0.00620068	2.14051	
6.60639	3.20382	-1.59552	-0.0412222	-0.00325321	2.19998	
6.77799	2.93607	-1.52472	-0.0415985	-0.0011383	2.26939	
6.94684	2.6846	-1.45382	-0.0416126	0.000884806	2.30047	
7.1075	2.45643	-1.3866	-0.0413683	0.00206247	2.29916	
7.25482	2.25671	-1.32494	-0.0409858	0.0031843	2.31794	
7.38405	2.08896	-1.27121	-0.0405158	0.00398606	2.28723	
7.49104	1.9553	-1.22729	-0.0400683	0.00441466	2.28745	
7.57235	1.85686	-1.19394	-0.0396883	0.00492686	2.27558	
7.62537	1.79413	-1.17252	-0.0394225	0.00506395	2.24454	
7.64822	1.76745	-1.1633	-0.0393061	0.00514638	2.27764	
7.64822	1.76745	-1.1633	-0.0393061	0.00514638	2.27764	
7.67106	1.74099	-1.15405	-0.0391869	0.0052808	2.25705	
7.72408	1.68037	-1.13278	-0.0389016	0.00547015	2.23868	
7.80539	1.58957	-1.10042	-0.0384457	0.005748	2.22408	
7.91239	1.47409	-1.05835	-0.0378116	0.00609103	2.19562	
8.04162	1.34056	-1.0084	-0.0370026	0.00642075	2.15982	
8.18893	1.19613	-0.952662	-0.0360313	0.00675863	2.11579	
8.34959	1.04785	-0.893456	-0.0349214	0.00704163	2.06173	
8.51844	0.902112	-0.833104	-0.0337123	0.00727423	2.00312	
8.69005	0.764266	-0.773804	-0.0324472	0.00745689	1.93881	
8.85889	0.638389	-0.71756	-0.0311781	0.00756748	1.87344	
9.01956	0.527272	-0.665995	-0.0299558	0.00764317	1.80983	
9.16687	0.432538	-0.620436	-0.0288274	0.00766882	1.74917	
9.2961	0.354866	-0.581833	-0.0278363	0.00766906	1.69666	
9.40309	0.29428	-0.550834	-0.0270161	0.00765817	1.65165	
9.48441	0.250426	-0.527872	-0.0263944	0.00763245	1.61774	
9.53743	0.22283	-0.513168	-0.0259901	0.00761842	1.59628	
9.56027	0.211179	-0.5069	-0.0258162	0.0076098	1.58512	
9.56027	0.211179	-0.5069	-0.0258162	0.0076098	1.58512	
9.58311	0.199671	-0.500674	-0.0256425	0.00759868	1.57638	
9.63613	0.173506	-0.486373	-0.0252402	0.00757668	1.55458	
9.71745	0.134835	-0.464858	-0.0246256	0.00753728	1.52038	
9.82444	0.0865795	-0.437317	-0.0238224	0.00747539	1.47577	
9.95367	0.0321532	-0.405207	-0.0228618	0.0073893	1.42198	
10.101	-0.0249363	-0.370136	-0.0217815	0.00727438	1.36103	
10.2616	-0.0814527	-0.333722	-0.0206239	0.00713308	1.29533	
10.4305	-0.134713	-0.297485	-0.0194332	0.00696799	1.22716	
10.6021	-0.182752	-0.262748	-0.018253	0.00678517	1.15918	
10.7709	-0.224373	-0.230578	-0.0171233	0.00659427	1.09369	
10.9316	-0.259081	-0.201773	-0.0160791	0.00640321	1.03276	
11.0789	-0.286953	-0.176867	-0.0151491	0.00622234	0.978254	
11.2082	-0.308461	-0.156174	-0.0143554	0.00605978	0.931474	
11.3151	-0.324291	-0.139839	-0.0137144	0.00592317	0.893622	
11.3965	-0.335173	-0.127898	-0.013237	0.00581897	0.865327	
11.4495	-0.341753	-0.120328	-0.0129303	0.00575046	0.847102	
11.4723	-0.344465	-0.117118	-0.0127993	0.00572108	0.839427	
11.4723	-0.344465	-0.117118	-0.0127993	0.00572108	0.839427	
11.4952	-0.347104	-0.11394	-0.0126689	0.00569164	0.831546	
11.5482	-0.352952	-0.106683	-0.012369	0.0056223	0.813606	
11.6295	-0.361185	-0.0958736	-0.0119161	0.0055156	0.786578	
11.7365	-0.370707	-0.0822304	-0.0113335	0.00537496	0.751677	
11.8657	-0.380314	-0.0666093	-0.0106499	0.00520498	0.71061	
12.013	-0.388882	-0.0499122	-0.00989736	0.00501215	0.665232	
12.1737	-0.395525	-0.0330028	-0.00910889	0.00480332	0.617481	
12.3425	-0.399696	-0.0166363	-0.0083162	0.0045867	0.569289	
12.5142	-0.401225	-0.00141316	-0.00754771	0.00437048	0.52236	
12.683	-0.400293	0.0122401	-0.00682742	0.0041622	0.478196	
12.8437	-0.397361	0.0240676	-0.0061743	0.00396901	0.437998	
12.991	-0.393076	0.0339595	-0.00560238	0.00379639	0.40266	
13.1202	-0.388166	0.0419182	-0.00512134	0.00364885	0.372856	
13.2272	-0.383351	0.0480184	-0.00473734	0.00352966	0.348992	
13.3085	-0.379268	0.0523676	-0.00445395	0.00344081	0.33134	
13.3615	-0.376419	0.0550732	-0.00427304	0.00338376	0.320063	
13.3844	-0.375148	0.0562078	-0.00419602	0.0033594	0.31525	
13.3844	-0.375148	0.0562078	-0.00419602	0.0033594	0.31525	
13.4072	-0.373852	0.0573238	-0.00411956	0.00333521	0.310505	
13.4602	-0.370745	0.0598436	-0.0039442	0.00327985	0.29958	
13.5416	-0.365728	0.0635193	-0.0036809	0.00319656	0.283124	
13.6485	-0.358688	0.0680159	-0.00334463	0.00308971	0.262063	
13.7778	-0.349574	0.072949	-0.00295347	0.00296482	0.2375	
13.9251	-0.338452	0.0779344	-0.00252686	0.0028281	0.210648	
14.0858	-0.325543	0.0826326	-0.00208398	0.00268629	0.182703	
14.2546	-0.31123	0.0867811	-0.00164242	0.00254538	0.154749	
14.4262	-0.296032	0.0902126	-0.00121729	0.00241093	0.127786	
14.5951	-0.280567	0.092859	-0.00082073	0.00228777	0.102571	
14.7557	-0.265489	0.0947396	-0.000462062	0.00217831	0.0796917	
14.903	-0.251437	0.095945	-0.000148126	0.00208504	0.0596755	
15.0323	-0.238991	0.0966123	0.000116356	0.0020089	0.042741	
15.1393	-0.228637	0.0968986	0.000328059	0.00194892	0.0291594	
15.2206	-0.220754	0.0969611	0.000484778	0.00190623	0.0192072	
15.2736	-0.215614	0.0969311	0.000585134	0.00187937	0.0125816	
15.2964	-0.2134	0.0969001	0.000627926	0.00186693	0.00946389	
15.2964	-0.2134	0.0969001	0.000627926	0.00186693	0.00946389	
15.3193	-0.211187	0.0968601	0.000670441	0.00185584	0.00754047	
15.3723	-0.206055	0.0967301	0.000768216	0.00183189	0.00083132	
15.4536	-0.198201	0.0964209	0.000915482	0.00179048	-0.00874386	
15.5606	-0.187914	0.0958339	0.00110454	0.00174512	-0.0205733	
15.6898	-0.17559	0.0948463	0.00132657	0.00168975	-0.0354197	
15.8371	-0.161723	0.0933629	0.00157089	0.00162982	-0.0509269	
15.9978	-0.14688	0.0913358	0.00182836	0.00157492	-0.0678914	
16.1667	-0.131671	0.0887428	0.00208888	0.00151091	-0.0852293	
16.3383	-0.1167	0.085657	0.00234333	0.00145655	-0.101796	
16.5071	-0.102525	0.0821782	0.00258444	0.00139586	-0.118788	
16.6678	-0.0896148	0.07847	0.00280336	0.00133094	-0.133563	
16.8151	-0.0783251	0.07475	0.00299532	0.00127189	-0.147706	
16.9443	-0.0688909	0.0712148	0.0031549	0.00119481	-0.160118	
17.0513	-0.0614356	0.0681223	0.00327943	0.00113488	-0.168839	
17.1326	-0.0559956	0.0656575	0.00336947	0.00107258	-0.178807	
17.1856	-0.0525586	0.0639946	0.00342488	0.00102277	-0.179502	
17.2085	-0.0511048	0.0632959	0.00344825	0.00102957	-0.170974	
17.2085	-0.0511048	0.0632959	0.00344825	0.00102957	-0.170974	
17.2313	-0.0496671	0.0625586	0.00347163	0.00100259	-0.195944	
17.2843	-0.0463981	0.0607734	0.00352145	0.000896896	-0.189756	
17.3657	-0.0415633	0.0581292	0.00359414	0.000888934	-0.194864	
17.4727	-0.0355438	0.054333	0.00367949	0.000672432	-0.215336	
17.6019	-0.0288274	0.0496239	0.00375093	0.000473593	-0.214047	
17.7492	-0.0219214	0.0440387	0.00380516	0.00019629	-0.238007	
17.9099	-0.0153755	0.0374112	0.00378841	-0.000400782	-0.24826	
18.0787	-0.00964968	0.0303778	0.00367673	-0.000945775	-0.257459	
18.2503	-0.00508829	0.022676	0.00343306	-0.00198803	-0.280354	
18.4192	-0.00191104	0.0150354	0.00299936	-0.00310585	-0.267033	
18.5798	-5.90446e-05	0.00800414	0.00241428	-0.00426235	-0.269841	
18.7271	0.0006551	0.00188467	0.00169263	-0.00543377	-0.222274	
18.8564	0.000639708	-0.00179449	0.000976834	-0.00546424	-0.131516	
18.9634	0.000347806	-0.00340384	0.000419809	-0.00481635	-0.0371321	
19.0447	8.56007e-05	-0.00253623	9.24318e-05	-0.00283872	0.187715	
19.0977	3.97737e-06	-0.000482143	4.08809e-06	-0.000498801	0.216746	
19.1205	-1.01512e-17	7.33513e-17	3.70521e-18	-1.91384e-18	-1.14575e-07	
