0	0.466667	5.89583e-16	1.04717	-5.31625e-17	-14.1805	
0.0299814	0.466445	0.00342376	1.05083	0.250187	8.78269	
0.099565	0.469936	0.0745148	1.08765	0.78197	-0.771185	
0.206288	0.475002	0.0301914	1.20542	1.40749	1.72533	
0.346712	0.48898	0.180858	1.4529	2.0855	4.89456	
0.516322	0.511509	-0.0140099	1.86057	2.6854	-14.9845	
0.709665	0.463506	-0.463375	2.41421	2.95009	-13.5348	
0.920528	0.286096	-1.41563	3.03804	2.98352	-46.3101	
1.14213	-0.228642	-3.16817	3.6702	2.45416	-37.4794	
1.36736	-1.02178	-3.62241	3.99783	0.368637	2.26768	
1.58896	-1.79873	-3.26166	3.90766	-1.09747	28.3795	
1.79983	-2.23328	0.00735989	3.41501	-4.04567	174.384	
1.99317	-1.60937	6.53307	2.34544	-6.28	192.06	
2.16278	-0.206615	9.02048	1.44979	-3.77394	-16.3261	
2.3032	0.963895	7.36143	1.07858	-1.85195	-93.6177	
2.40993	1.6681	5.89766	0.908406	-1.37538	-75.1773	
2.47951	2.04776	4.99866	0.820853	-1.17457	-81.9798	
2.50949	2.19177	4.61985	0.786136	-1.13678	-66.9608	
2.50949	2.19177	4.61985	0.786136	-1.13678	-66.9608	
2.53947	2.32532	4.28843	0.75297	-1.07909	-67.3143	
2.60906	2.59751	3.54561	0.681098	-0.993547	-62.0184	
2.71578	2.92164	2.56226	0.580425	-0.894566	-50.6462	
2.8562	3.20662	1.54167	0.463487	-0.772909	-38.9367	
3.02581	3.38572	0.620872	0.34377	-0.640186	-28.0553	
3.21915	3.43139	-0.0965923	0.234447	-0.490988	-18.2962	
3.43002	3.3547	-0.591632	0.146579	-0.348831	-11.4682	
3.65162	3.18566	-0.904175	0.0820883	-0.238301	-6.53694	
3.87685	2.96132	-1.06773	0.0386398	-0.152193	-3.23082	
4.09845	2.71535	-1.14181	0.0113595	-0.0988735	-1.4664	
4.30932	2.47203	-1.15765	-0.00563483	-0.0632255	-0.0260881	
4.50266	2.24957	-1.14096	-0.0153862	-0.0402376	0.494974	
4.67227	2.05807	-1.1148	-0.0212282	-0.0286677	1.03149	
4.81269	1.90377	-1.0818	-0.0244891	-0.0182733	1.27593	
4.91942	1.78965	-1.05687	-0.0262392	-0.0150831	1.28152	
4.989	1.71675	-1.03768	-0.0271842	-0.0115053	1.65476	
5.01898	1.68577	-1.0292	-0.027504	-0.0101703	1.27327	
5.01898	1.68577	-1.0292	-0.027504	-0.0101703	1.27327	
5.04896	1.65503	-1.0215	-0.027805	-0.00977609	1.4598	
5.11855	1.58463	-1.00178	-0.0284105	-0.00754977	1.58651	
5.22527	1.47937	-0.970714	-0.0290565	-0.00477799	1.60715	
5.36569	1.34597	-0.929043	-0.0295385	-0.00213272	1.67432	
5.5353	1.19277	-0.877408	-0.0296571	0.000578567	1.70551	
5.72865	1.02881	-0.818715	-0.0293471	0.00246911	1.70089	
5.93951	0.862875	-0.755274	-0.0286574	0.00403214	1.69018	
6.16111	0.702754	-0.690239	-0.0276313	0.00508939	1.63732	
6.38634	0.554499	-0.626664	-0.0264191	0.00566392	1.58383	
6.60794	0.422336	-0.566585	-0.0251032	0.0061672	1.5175	
6.81881	0.308635	-0.512342	-0.0237863	0.0062794	1.44344	
7.01215	0.214193	-0.464942	-0.0225621	0.00640976	1.3851	
7.18176	0.138724	-0.425322	-0.0214685	0.00643688	1.31767	
7.32218	0.0812099	-0.39402	-0.0205718	0.00635473	1.27303	
7.42891	0.0403957	-0.370962	-0.0198916	0.00638846	1.23549	
7.49849	0.0150916	-0.356409	-0.0194491	0.00631371	1.2025	
7.52847	0.00449859	-0.350224	-0.0192602	0.0062947	1.20625	
7.52847	0.00449859	-0.350224	-0.0192602	0.0062947	1.20625	
7.55845	-0.00590911	-0.344067	-0.0190713	0.00630273	1.18973	
7.62804	-0.029361	-0.330053	-0.018634	0.00626226	1.1623	
7.73476	-0.0634641	-0.309157	-0.0179693	0.00619598	1.12599	
7.87518	-0.105008	-0.282751	-0.0171054	0.00610233	1.0761	
8.04479	-0.150376	-0.252516	-0.0160826	0.00595576	1.01724	
8.23814	-0.196037	-0.220188	-0.0149478	0.00578166	0.951763	
8.449	-0.238972	-0.187481	-0.0137509	0.00556534	0.881436	
8.6706	-0.276965	-0.155873	-0.0125444	0.00532387	0.81068	
8.89583	-0.308716	-0.126533	-0.0113734	0.00507121	0.741002	
9.11743	-0.333802	-0.100296	-0.0102787	0.00480811	0.675504	
9.3283	-0.352522	-0.0776262	-0.00929092	0.00456126	0.616193	
9.52164	-0.365675	-0.0587205	-0.0084313	0.00432954	0.563855	
9.69125	-0.374329	-0.0435437	-0.00771418	0.00412825	0.520465	
9.83167	-0.379618	-0.0319271	-0.00714585	0.00396571	0.485552	
9.9384	-0.38258	-0.0236572	-0.00672935	0.00383986	0.460024	
10.008	-0.384046	-0.0185126	-0.0064649	0.00376162	0.443979	
10.038	-0.384569	-0.0163567	-0.00635263	0.003727	0.436412	
10.038	-0.384569	-0.0163567	-0.00635263	0.003727	0.436412	
10.0679	-0.385028	-0.0142381	-0.00624144	0.00369086	0.429653	
10.1375	-0.385851	-0.00945549	-0.00598749	0.00360846	0.413955	
10.2442	-0.386484	-0.00248102	-0.00560908	0.00348303	0.39041	
10.3847	-0.386225	0.00605286	-0.00513143	0.0033206	0.360648	
10.5543	-0.384389	0.01543	-0.00458454	0.00312901	0.326381	
10.7476	-0.380466	0.0249445	-0.00400025	0.00291607	0.289553	
10.9585	-0.374229	0.0339869	-0.00340918	0.00269143	0.25206	
11.1801	-0.365774	0.0420988	-0.00283812	0.00246396	0.215556	
11.4053	-0.355491	0.0489998	-0.0023083	0.00224259	0.181445	
11.6269	-0.343992	0.054581	-0.00183451	0.0020351	0.150685	
11.8378	-0.332014	0.0588758	-0.00142537	0.00184717	0.123907	
12.0311	-0.320315	0.0620198	-0.00108418	0.0016835	0.101398	
12.2007	-0.309603	0.0642046	-0.000810361	0.0015463	0.0831666	
12.3412	-0.300483	0.0656389	-0.000600932	0.00143721	0.0691292	
12.4479	-0.293429	0.0665172	-0.00045185	0.00135693	0.0590475	
12.5175	-0.288784	0.0669963	-0.000359218	0.00130579	0.0528064	
12.5475	-0.286772	0.0671813	-0.00032039	0.00128445	0.0502773	
12.5475	-0.286772	0.0671813	-0.00032039	0.00128445	0.0502773	
12.5774	-0.284755	0.0673539	-0.000282191	0.00126382	0.0477683	
12.647	-0.280056	0.0677068	-0.000195877	0.00121724	0.0419357	
12.7537	-0.272807	0.0681208	-6.97213e-05	0.00114712	0.0332766	
12.8942	-0.263215	0.0684431	8.50076e-05	0.00105713	0.0225956	
13.0638	-0.251596	0.0685206	0.000255384	0.000952705	0.0107159	
13.2571	-0.23837	0.0682312	0.000428552	0.000839738	-0.00150598	
13.468	-0.224051	0.0675082	0.000593343	0.000724727	-0.0133078	
13.6896	-0.209213	0.0663489	0.000741398	0.000613003	-0.0241281	
13.9148	-0.194436	0.0648111	0.000867558	0.000508917	-0.0335627	
14.1364	-0.180269	0.063	0.000969854	0.000415803	-0.0414386	
14.3473	-0.167187	0.0610478	0.00104891	0.000335298	-0.0477432	
14.5406	-0.15557	0.0590966	0.00110717	0.000268591	-0.052565	
14.7102	-0.1457	0.0572808	0.00114817	0.000215747	-0.0561152	
14.8507	-0.137766	0.055717	0.00117563	0.000175986	-0.0585948	
14.9574	-0.131884	0.0544982	0.00119293	0.000148479	-0.0602159	
15.027	-0.12812	0.0536913	0.00120267	0.000131567	-0.0612176	
15.0569	-0.126515	0.0533406	0.0012065	0.000124283	-0.0616663	
15.0569	-0.126515	0.0533406	0.0012065	0.000124283	-0.0616663	
15.0869	-0.124921	0.052988	0.00121012	0.000116718	-0.0621551	
15.1565	-0.121263	0.0521628	0.00121761	9.86857e-05	-0.0630759	
15.2632	-0.115764	0.050883	0.00122671	7.21817e-05	-0.0642241	
15.4037	-0.108738	0.0491785	0.00123455	3.99041e-05	-0.0654716	
15.5733	-0.100574	0.0470973	0.00123824	4.25195e-06	-0.0665824	
15.7666	-0.0916983	0.0447093	0.00123549	-3.1967e-05	-0.0673655	
15.9775	-0.0825457	0.0421026	0.001225	-6.68204e-05	-0.0677112	
16.1991	-0.0735178	0.0393791	0.00120657	-9.8618e-05	-0.0675445	
16.4243	-0.0649572	0.0366461	0.00118118	-0.000126112	-0.0668983	
16.6459	-0.0571297	0.034007	0.00115063	-0.000148962	-0.0658538	
16.8568	-0.0502186	0.031554	0.00111726	-0.000166971	-0.0645303	
17.0501	-0.0443307	0.0293628	0.00108361	-0.000180709	-0.0630931	
17.2197	-0.0395099	0.0274912	0.00105207	-0.000190965	-0.061676	
17.3601	-0.035756	0.02598	0.00102472	-0.000198354	-0.0604165	
17.4669	-0.0330435	0.0248555	0.00100327	-0.000203619	-0.0594202	
17.5364	-0.0313391	0.024134	0.000988989	-0.000206775	-0.0587097	
17.5664	-0.0306202	0.0238262	0.000982772	-0.000207883	-0.0583639	
17.5664	-0.0306202	0.0238262	0.000982772	-0.000207883	-0.0583639	
17.5964	-0.0299104	0.0235206	0.000976528	-0.000208604	-0.0579704	
17.666	-0.0282982	0.022819	0.00096198	-0.000209449	-0.0572012	
17.7727	-0.0259195	0.021762	0.000939563	-0.00021071	-0.0560953	
17.9131	-0.0229593	0.0204064	0.000909846	-0.000212498	-0.0545917	
18.0828	-0.0196332	0.0188233	0.000873646	-0.000214317	-0.0527382	
18.2761	-0.0161625	0.0170919	0.000832046	-0.000215861	-0.0505695	
18.487	-0.0127497	0.0152944	0.000786453	-0.000216365	-0.0481443	
18.7086	-0.00956024	0.013508	0.000738558	-0.000215723	-0.0455658	
18.9338	-0.00671221	0.0118008	0.000690152	-0.000213905	-0.0429159	
19.1554	-0.00427339	0.0102272	0.000643053	-0.000211023	-0.0403107	
19.3663	-0.00226616	0.00882674	0.000598909	-0.000207544	-0.0378393	
19.5596	-0.000677005	0.00762503	0.000559162	-0.000203454	-0.0355775	
19.7292	0.000531468	0.00663494	0.000525011	-0.000199128	-0.0336127	
19.8696	0.00140829	0.00586013	0.000497341	-0.000194798	-0.0319793	
19.9764	0.00200353	0.00529844	0.000476761	-0.000190781	-0.0307488	
20.0459	0.00235984	0.0049445	0.000463582	-0.000188026	-0.0299829	
20.0759	0.00250584	0.00479486	0.000457962	-0.000186889	-0.0296625	
20.0759	0.00250584	0.00479486	0.000457962	-0.000186889	-0.0296625	
20.1059	0.00264737	0.00464648	0.000452371	-0.000186229	-0.0295023	
20.1755	0.00295883	0.00430722	0.000439423	-0.000186003	-0.0288342	
20.2822	0.0033915	0.00380455	0.000419605	-0.000185223	-0.0276716	
20.4226	0.00388117	0.00317571	0.000393709	-0.0001836	-0.0261999	
20.5922	0.00435874	0.00246461	0.000362751	-0.000181343	-0.0244092	
20.7856	0.00476203	0.00171841	0.000327996	-0.000178122	-0.0223939	
20.9964	0.00504523	0.000980866	0.000290806	-0.000174637	-0.0202369	
21.2181	0.00518445	0.000289752	0.000252504	-0.0001711	-0.0180081	
21.4433	0.00517868	-0.000326725	0.000214323	-0.000168021	-0.0157827	
21.6649	0.00504677	-0.000850139	0.000177409	-0.000165156	-0.0136123	
21.8757	0.0048216	-0.0012737	0.000142809	-0.000163248	-0.0116098	
22.0691	0.00454288	-0.00159937	0.000111353	-0.000162083	-0.00974375	
22.2387	0.00425094	-0.00183565	8.39627e-05	-0.000161109	-0.00816479	
22.3791	0.00398138	-0.00199875	6.12824e-05	-0.000162218	-0.00691383	
22.4858	0.0037624	-0.00210166	4.39301e-05	-0.00016263	-0.00579037	
22.5554	0.00361413	-0.00215918	3.26148e-05	-0.000163092	-0.00540497	
22.5854	0.00354902	-0.00218388	2.76956e-05	-0.000165504	-0.0056987	
22.5854	0.00354902	-0.00218388	2.76956e-05	-0.000165504	-0.0056987	
22.6154	0.00348322	-0.00220447	2.2723e-05	-0.000165075	-0.00399713	
22.685	0.00332853	-0.00224156	1.14699e-05	-0.000159684	-0.00379021	
22.7917	0.00308631	-0.00229483	-5.73848e-06	-0.000162868	-0.00287955	
22.9321	0.00276149	-0.00232338	-2.81175e-05	-0.000153546	-0.000812829	
23.1017	0.00236743	-0.00231914	-5.3411e-05	-0.00014793	0.000202781	
23.2951	0.00192328	-0.0022616	-8.1748e-05	-0.00014103	0.00274868	
23.5059	0.00146096	-0.00211231	-0.000108717	-0.000115443	0.00476478	
23.7275	0.0010155	-0.00189642	-0.000132399	-9.70771e-05	0.0067649	
23.9528	0.000622175	-0.00157791	-0.000149177	-4.50501e-05	0.00975422	
24.1744	0.000314405	-0.00119383	-0.000152022	1.78944e-05	0.0109234	
24.3852	0.000105162	-0.000777705	-0.000140727	9.85876e-05	0.0131937	
24.5786	-3.63898e-06	-0.000349508	-0.000111176	0.000205083	0.0129106	
24.7482	-3.50521e-05	-3.56155e-05	-7.12911e-05	0.000257544	0.00988136	
24.8886	-2.56099e-05	0.000155268	-3.35329e-05	0.000272869	0.00568237	
24.9953	-7.06481e-06	0.00015387	-7.81505e-06	0.000179353	-0.00727181	
25.0649	-3.43706e-07	3.15595e-05	-3.55224e-07	3.29039e-05	-0.0106552	
25.0949	2.02321e-18	-2.83997e-17	-1.74583e-18	1.06901e-18	4.44534e-09	
