0	0.466667	-3.4724e-17	1.04717	3.1415	-16.3543	
0.0256706	0.466444	0.00105746	1.1277	3.14346	10.7982	
0.0852491	0.469215	0.0702975	1.31684	3.20104	-0.0588807	
0.176627	0.472362	-0.00569248	1.61232	3.27047	-2.79621	
0.29686	0.469728	-0.0475767	2.01044	3.33632	-5.9349	
0.442082	0.436067	-0.514597	2.49822	3.39438	-30.2665	
0.607626	0.277158	-1.41864	3.05862	3.28389	-35.0613	
0.78817	-0.0744087	-2.49889	3.58833	2.49907	-39.5889	
0.977912	-0.648833	-3.44284	3.949	1.20269	-18.1542	
1.17075	-1.3283	-3.43555	4.01233	-0.51839	14.1614	
1.36049	-1.90312	-2.37847	3.78985	-1.86364	64.032	
1.54104	-2.06054	1.26079	3.23223	-4.64202	188.263	
1.70658	-1.38395	6.93036	2.27156	-6.28	193.315	
1.8518	-0.153694	9.19789	1.50024	-3.94442	-8.34273	
1.97204	0.887975	7.85838	1.15028	-2.13582	-92.1876	
2.06342	1.54714	6.61611	0.984684	-1.53241	-77.1533	
2.12299	1.91697	5.76353	0.901006	-1.31775	-95.7665	
2.14866	2.05997	5.39628	0.867716	-1.26756	-68.8153	
2.14866	2.05997	5.39628	0.867716	-1.26756	-68.8153	
2.17433	2.19465	5.0927	0.836226	-1.19129	-74.1769	
2.23391	2.47631	4.3657	0.768563	-1.0909	-72.4471	
2.32529	2.8283	3.36889	0.673706	-0.987748	-60.5843	
2.44552	3.16676	2.29934	0.562243	-0.871125	-48.961	
2.59075	3.42281	1.27161	0.443883	-0.76133	-37.7381	
2.75629	3.55826	0.417327	0.328687	-0.627004	-26.2687	
2.93683	3.57219	-0.223707	0.22877	-0.485085	-18.2452	
3.12658	3.48341	-0.677776	0.148376	-0.364632	-11.6594	
3.31942	3.32376	-0.952975	0.0890915	-0.254008	-6.90635	
3.50916	3.12608	-1.11771	0.0484248	-0.180682	-4.33087	
3.6897	2.91584	-1.1987	0.0207817	-0.125674	-1.83444	
3.85525	2.71477	-1.22702	0.00348732	-0.0874445	-1.00548	
4.00047	2.53574	-1.23441	-0.00776379	-0.0672252	0.0544694	
4.1207	2.38804	-1.2208	-0.014642	-0.0480187	0.534866	
4.21208	2.27695	-1.21068	-0.0186973	-0.0417147	0.565597	
4.27166	2.20514	-1.19857	-0.0210079	-0.0348171	1.35705	
4.29733	2.17445	-1.19292	-0.0218604	-0.0322089	0.563952	
4.29733	2.17445	-1.19292	-0.0218604	-0.0322089	0.563952	
4.323	2.14388	-1.18864	-0.0226784	-0.0312809	0.967303	
4.38258	2.07345	-1.17515	-0.0244116	-0.0267615	1.25331	
4.47396	1.9671	-1.15249	-0.0265753	-0.0209949	1.33488	
4.59419	1.83044	-1.12007	-0.0287482	-0.0152405	1.53625	
4.73941	1.6709	-1.07667	-0.0305045	-0.00924983	1.67963	
4.90495	1.49693	-1.0248	-0.0316375	-0.00475592	1.76554	
5.0855	1.31719	-0.96586	-0.0321428	-0.000944398	1.84937	
5.27524	1.1399	-0.903052	-0.0320329	0.00182148	1.85052	
5.46808	0.971856	-0.83979	-0.0315101	0.00355536	1.85076	
5.65782	0.818379	-0.778178	-0.0306859	0.00503706	1.82025	
5.83837	0.683041	-0.721377	-0.0297077	0.00570601	1.76602	
6.00391	0.567835	-0.670649	-0.0287166	0.00630834	1.73341	
6.14913	0.473597	-0.627495	-0.0277684	0.00665921	1.66966	
6.26937	0.400235	-0.592957	-0.0269646	0.00674375	1.63825	
6.36074	0.347235	-0.567143	-0.0263377	0.00697056	1.60583	
6.42032	0.313935	-0.550773	-0.0259223	0.00694407	1.56674	
6.44599	0.299886	-0.543775	-0.0257441	0.00695406	1.58669	
6.44599	0.299886	-0.543775	-0.0257441	0.00695406	1.58669	
6.47166	0.286017	-0.536773	-0.0255648	0.0070106	1.56457	
6.53124	0.254515	-0.520795	-0.0251461	0.00703494	1.5363	
6.62262	0.208027	-0.496769	-0.0245021	0.00706452	1.50438	
6.74285	0.150157	-0.466037	-0.0236505	0.00709099	1.45654	
6.88808	0.08509	-0.430322	-0.0226226	0.00706021	1.39967	
7.05362	0.0170994	-0.391424	-0.0214578	0.00700876	1.33518	
7.23416	-0.0499069	-0.351237	-0.0202013	0.00689955	1.26341	
7.4239	-0.11274	-0.311478	-0.018906	0.00675232	1.19022	
7.61675	-0.169114	-0.273615	-0.0176197	0.00658135	1.11583	
7.80649	-0.217692	-0.238835	-0.01639	0.00637753	1.04445	
7.98703	-0.257991	-0.207934	-0.0152563	0.0061808	0.978541	
8.15257	-0.290196	-0.181444	-0.0142493	0.00598144	0.918723	
8.2978	-0.314945	-0.159613	-0.0133938	0.0058012	0.868667	
8.41803	-0.333099	-0.142501	-0.0127051	0.00565283	0.827346	
8.50941	-0.345549	-0.130075	-0.0121942	0.00553097	0.796835	
8.56899	-0.353064	-0.122228	-0.0118669	0.00545662	0.777877	
8.59466	-0.356159	-0.118911	-0.0117272	0.00542356	0.76845	
8.59466	-0.356159	-0.118911	-0.0117272	0.00542356	0.76845	
8.62033	-0.359169	-0.115633	-0.0115884	0.00538869	0.760591	
8.67991	-0.365835	-0.108164	-0.0112697	0.0053112	0.741673	
8.77128	-0.375209	-0.097093	-0.0107898	0.0051914	0.712688	
8.89152	-0.386041	-0.0832188	-0.0101752	0.00503226	0.675615	
9.03674	-0.39697	-0.0674793	-0.00945837	0.00484019	0.632141	
9.20228	-0.406746	-0.0508495	-0.00867531	0.00462032	0.584402	
9.38283	-0.414403	-0.0342371	-0.00786268	0.00438215	0.534648	
9.57257	-0.419372	-0.0184098	-0.00705476	0.00413421	0.484845	
9.76541	-0.421502	-0.00394587	-0.00628156	0.00388562	0.436936	
9.95515	-0.421021	0.00878111	-0.00556709	0.00364612	0.392392	
10.1357	-0.418441	0.0195856	-0.00492904	0.00342286	0.352373	
10.3012	-0.414453	0.0284392	-0.00437899	0.00322343	0.317717	
10.4465	-0.409807	0.0354218	-0.00392332	0.00305267	0.288827	
10.5667	-0.405228	0.0406762	-0.00356463	0.00291435	0.266021	
10.6581	-0.40134	0.0443645	-0.00330304	0.00281151	0.249319	
10.7177	-0.398629	0.0466318	-0.00313751	0.00274521	0.238705	
10.7433	-0.39742	0.0475761	-0.0030674	0.00271695	0.234261	
10.7433	-0.39742	0.0475761	-0.0030674	0.00271695	0.234261	
10.769	-0.396187	0.0485011	-0.00299802	0.00268886	0.229767	
10.8286	-0.393235	0.0505738	-0.00283976	0.00262387	0.219571	
10.9199	-0.388475	0.0535573	-0.0026045	0.00252565	0.20441	
11.0402	-0.381817	0.0571352	-0.00230846	0.00239926	0.185253	
11.1854	-0.373236	0.0609548	-0.00197086	0.00225106	0.163311	
11.3509	-0.362828	0.0646786	-0.00161177	0.00208829	0.139832	
11.5315	-0.350838	0.0680268	-0.00125022	0.0019181	0.116022	
11.7212	-0.337655	0.0708056	-0.000902593	0.00174754	0.0929509	
11.9141	-0.323786	0.0729184	-0.000581612	0.0015829	0.0714588	
12.1038	-0.309804	0.0743595	-0.000295962	0.00142947	0.0521568	
12.2844	-0.296296	0.0751973	-5.04607e-05	0.00129135	0.0354001	
12.4499	-0.283813	0.0755498	0.000153285	0.00117121	0.0213466	
12.5951	-0.272838	0.07556	0.000316029	0.00107088	0.0100101	
12.7154	-0.263762	0.0753741	0.000439968	0.000991297	0.00129092	
12.8067	-0.256885	0.0751231	0.00052787	0.000932926	-0.00493521	
12.8663	-0.252416	0.0749112	0.000582344	0.000895855	-0.00882995	
12.892	-0.250494	0.0748085	0.000605138	0.000880032	-0.0104902	
12.892	-0.250494	0.0748085	0.000605138	0.000880032	-0.0104902	
12.9177	-0.248575	0.0746992	0.000627527	0.0008643	-0.0120907	
12.9772	-0.244133	0.0744204	0.000677948	0.000828418	-0.0157144	
13.0686	-0.237354	0.0739277	0.000751191	0.000774999	-0.021016	
13.1888	-0.22851	0.0731664	0.000840289	0.000707627	-0.0275288	
13.3341	-0.217961	0.0720894	0.000937397	0.000630498	-0.0347302	
13.4996	-0.206142	0.0706727	0.00103486	0.000547922	-0.0420986	
13.6802	-0.193537	0.0689254	0.00112612	0.000464037	-0.0491717	
13.8699	-0.180649	0.0668932	0.00120632	0.000382492	-0.0555944	
14.0627	-0.167963	0.0646544	0.00127263	0.000306218	-0.0611358	
14.2525	-0.155915	0.0623108	0.0013241	0.000237322	-0.065692	
14.433	-0.144875	0.0599759	0.00136143	0.000177073	-0.0692663	
14.5986	-0.135129	0.0577638	0.00138647	0.000126094	-0.0719395	
14.7438	-0.126884	0.0557796	0.00140173	8.45185e-05	-0.0738431	
14.864	-0.120277	0.0541132	0.00140993	5.21736e-05	-0.0751269	
14.9554	-0.115391	0.0528358	0.00141362	2.87845e-05	-0.0759335	
15.015	-0.112268	0.0519989	0.00141489	1.40794e-05	-0.0763824	
15.0407	-0.110937	0.0516376	0.00141518	7.87807e-06	-0.076557	
15.0407	-0.110937	0.0516376	0.00141518	7.87807e-06	-0.076557	
15.0663	-0.109616	0.0512759	0.0014153	1.82591e-06	-0.0766918	
15.1259	-0.106587	0.0504354	0.001415	-1.16655e-05	-0.0770076	
15.2173	-0.102037	0.0491441	0.00141303	-3.14132e-05	-0.077411	
15.3375	-0.0962303	0.0474434	0.00140777	-5.57913e-05	-0.0777525	
15.4827	-0.0894895	0.0453922	0.00139767	-8.28979e-05	-0.0779088	
15.6483	-0.0821679	0.0430654	0.00138158	-0.000110942	-0.0777662	
15.8288	-0.0746201	0.0405515	0.00135904	-0.000138203	-0.0772546	
16.0186	-0.0671736	0.0379468	0.00133037	-0.000163473	-0.0763645	
16.2114	-0.0601073	0.0353493	0.00129663	-0.000185928	-0.0751245	
16.4011	-0.053638	0.0328517	0.00125949	-0.000205082	-0.0736138	
16.5817	-0.0479168	0.0305359	0.001221	-0.000220862	-0.0719397	
16.7472	-0.0430335	0.02847	0.00118338	-0.000233371	-0.0702234	
16.8925	-0.0390277	0.0267062	0.00114878	-0.000242946	-0.0685949	
17.0127	-0.0359027	0.0252819	0.00111914	-0.000249978	-0.0671664	
17.1041	-0.0336411	0.0242221	0.00109607	-0.000254812	-0.0660381	
17.1636	-0.0322182	0.0235419	0.0010808	-0.000257743	-0.0652806	
17.1893	-0.0316176	0.0232515	0.00107417	-0.000258932	-0.0649436	
17.1893	-0.0316176	0.0232515	0.00107417	-0.000258932	-0.0649436	
17.215	-0.0310245	0.0229628	0.00106751	-0.000260044	-0.0645991	
17.2746	-0.0296762	0.022299	0.00105194	-0.000262493	-0.0638226	
17.3659	-0.0276844	0.0212982	0.00102779	-0.000266054	-0.0626005	
17.4862	-0.0252013	0.0200139	0.000995553	-0.000270121	-0.0609425	
17.6314	-0.0224045	0.0185128	0.000956013	-0.000274303	-0.0588927	
17.7969	-0.0194768	0.01687	0.000910277	-0.000278051	-0.0564748	
17.9775	-0.0165864	0.015163	0.000859802	-0.000280923	-0.0537801	
18.1672	-0.013872	0.0134654	0.000806281	-0.000283084	-0.0508923	
18.3601	-0.0114335	0.0118424	0.000751558	-0.000284307	-0.0478996	
18.5498	-0.00932998	0.0103468	0.000697553	-0.000284859	-0.0449274	
18.7304	-0.00758332	0.00901748	0.000646121	-0.000284741	-0.0420518	
18.8959	-0.00618579	0.00787944	0.000599044	-0.000283957	-0.0394077	
19.0411	-0.00511013	0.00694432	0.000557862	-0.000283171	-0.0370838	
19.1614	-0.00431944	0.0062151	0.000523874	-0.00028211	-0.0351318	
19.2527	-0.00377578	0.00568792	0.000498137	-0.00028126	-0.0336878	
19.3123	-0.00344682	0.0053567	0.000481394	-0.00028071	-0.0326748	
19.338	-0.00331111	0.00521746	0.000474195	-0.000280044	-0.0321259	
19.338	-0.00331111	0.00521746	0.000474195	-0.000280044	-0.0321259	
19.3636	-0.00317894	0.00507964	0.000467012	-0.000279816	-0.0319926	
19.4232	-0.0028857	0.00476621	0.000450332	-0.000279807	-0.0308964	
19.5146	-0.00247133	0.00430706	0.000424872	-0.00027742	-0.0293869	
19.6348	-0.00198819	0.00373585	0.00039159	-0.000276555	-0.027573	
19.7801	-0.00149255	0.00310056	0.000351588	-0.000273578	-0.0250534	
19.9456	-0.00103423	0.00244853	0.000306726	-0.000268934	-0.0224894	
20.1261	-0.000650223	0.00182057	0.000258476	-0.000264924	-0.0195116	
20.3159	-0.00035949	0.00126068	0.000209082	-0.000255161	-0.016368	
20.5087	-0.000163402	0.000789021	0.000160817	-0.000245426	-0.013366	
20.6985	-4.98515e-05	0.000425464	0.000115636	-0.000228659	-0.0100371	
20.879	2.88192e-06	0.000172609	7.64719e-05	-0.000204798	-0.00721685	
21.0446	1.73919e-05	1.58613e-05	4.46928e-05	-0.000176639	-0.00430754	
21.1898	1.40131e-05	-5.15705e-05	2.19011e-05	-0.000134614	-0.00160058	
21.31	6.66245e-06	-6.47787e-05	8.18343e-06	-9.26185e-05	0.000284836	
21.4014	1.51233e-06	-4.09962e-05	1.6459e-06	-4.63766e-05	0.00301979	
21.461	6.76209e-08	-7.33165e-06	6.96486e-08	-7.60658e-06	0.00296804	
21.4866	6.0627e-19	-7.93373e-20	7.0801e-20	-4.85434e-20	-1.35476e-09	
