0	0.7	2.66667	3.1415	1.04717	-38.9187	
0.0174234	0.745523	2.56003	3.16024	1.10154	-36.351	
0.0578611	0.843947	2.30195	3.20708	1.21585	-41.4809	
0.119882	0.972999	1.85273	3.28778	1.37982	-45.9553	
0.201488	1.09827	1.20597	3.40684	1.52561	-51.2492	
0.300054	1.17544	0.353577	3.56137	1.58227	-53.9522	
0.412413	1.16095	-0.598901	3.73199	1.41139	-50.0867	
0.534954	1.03122	-1.47709	3.87941	0.951076	-37.9764	
0.663737	0.798171	-2.08447	3.95879	0.263607	-21.4195	
0.794624	0.50633	-2.28637	3.9442	-0.499536	3.7592	
0.923407	0.234786	-1.78976	3.82347	-1.41393	44.0975	
1.04595	0.0908685	-0.360807	3.58198	-2.61873	104.63	
1.15831	0.18845	2.38231	3.19027	-4.50705	196.528	
1.25687	0.594102	5.93971	2.65141	-6.28	232.002	
1.33848	1.19478	8.6302	2.12582	-6.28	166.305	
1.4005	1.77041	9.75282	1.76793	-5.15267	59.2422	
1.44094	2.16864	9.86462	1.57788	-4.25095	-11.6624	
1.45836	2.34006	9.81004	1.50705	-3.8835	-15.202	
1.45836	2.34006	9.81004	1.50705	-3.8835	-15.202	
1.47578	2.51034	9.72696	1.4424	-3.54145	-36.8375	
1.51622	2.8969	9.36038	1.31342	-2.86601	-66.3844	
1.57824	3.45379	8.57062	1.16019	-2.12957	-83.3868	
1.65985	4.10609	7.40885	1.01214	-1.55818	-87.0775	
1.75842	4.76799	6.04117	0.877827	-1.20896	-80.1971	
1.87077	5.36778	4.67338	0.754539	-1.00575	-67.9498	
1.99331	5.86171	3.42775	0.63989	-0.875294	-56.1959	
2.1221	6.232	2.36305	0.533892	-0.772368	-44.8936	
2.25298	6.48306	1.50635	0.439478	-0.671219	-35.6778	
2.38177	6.6321	0.833586	0.358967	-0.580226	-28.5067	
2.50431	6.70203	0.328079	0.293121	-0.494316	-22.5205	
2.61667	6.71728	-0.044705	0.24175	-0.422253	-18.6204	
2.71523	6.69912	-0.314648	0.202905	-0.366112	-15.3003	
2.79684	6.66568	-0.500311	0.174891	-0.321421	-13.2311	
2.85886	6.63069	-0.625784	0.15586	-0.292845	-11.8879	
2.8993	6.60389	-0.698383	0.144398	-0.273818	-10.6838	
2.91672	6.59147	-0.728079	0.139697	-0.266101	-10.8664	
2.91672	6.59147	-0.728079	0.139697	-0.266101	-10.8664	
2.93414	6.57852	-0.757428	0.13512	-0.259192	-10.3045	
2.97458	6.54659	-0.820732	0.124974	-0.242661	-9.45313	
3.0366	6.49291	-0.908678	0.110665	-0.219229	-8.45877	
3.11821	6.41454	-1.00939	0.0939158	-0.191781	-7.22258	
3.21678	6.30989	-1.11069	0.0764824	-0.162746	-5.97586	
3.32914	6.17964	-1.20406	0.0597915	-0.135263	-4.8081	
3.45168	6.02702	-1.28328	0.0447781	-0.110577	-3.73551	
3.58046	5.85752	-1.34594	0.0319352	-0.0897179	-2.85392	
3.71135	5.67815	-1.39239	0.0213252	-0.0730265	-2.11119	
3.84013	5.49666	-1.42391	0.0128071	-0.0597404	-1.51383	
3.96267	5.32088	-1.44356	0.00612309	-0.0497504	-1.06177	
4.07503	5.15803	-1.45407	0.000965652	-0.0422496	-0.690429	
4.17359	5.01447	-1.45817	-0.00291489	-0.0366594	-0.423781	
4.2552	4.89544	-1.45855	-0.00574334	-0.0327435	-0.223524	
4.31722	4.80502	-1.45711	-0.00768894	-0.030038	-0.0849322	
4.35766	4.74613	-1.4555	-0.00887112	-0.0284583	-0.00881844	
4.37508	4.72077	-1.45462	-0.00936122	-0.0277929	0.045669	
4.37508	4.72077	-1.45462	-0.00936122	-0.0277929	0.045669	
4.39251	4.69544	-1.45363	-0.00983959	-0.0271262	0.0696992	
4.43294	4.63671	-1.45103	-0.0109072	-0.0256982	0.140915	
4.49496	4.54686	-1.44611	-0.0124373	-0.02367	0.25253	
4.57657	4.42917	-1.43804	-0.0142685	-0.0212584	0.383787	
4.67514	4.28799	-1.42614	-0.0162352	-0.0187068	0.526538	
4.7875	4.12864	-1.41001	-0.0181919	-0.0161844	0.670354	
4.91004	3.95707	-1.38973	-0.020027	-0.0138298	0.806853	
5.03882	3.77961	-1.36577	-0.0216679	-0.0117057	0.931873	
5.16971	3.60257	-1.33906	-0.0230754	-0.00984762	1.0409	
5.29849	3.43193	-1.31078	-0.024239	-0.00825648	1.13449	
5.42103	3.27303	-1.2823	-0.0251667	-0.00691128	1.21116	
5.53339	3.13048	-1.25505	-0.0258806	-0.00581529	1.27187	
5.63196	3.00798	-1.23036	-0.0264099	-0.00493644	1.31961	
5.71356	2.90843	-1.20944	-0.0267849	-0.00426444	1.35361	
5.77558	2.83392	-1.19329	-0.0270345	-0.00378576	1.37865	
5.81602	2.78588	-1.18264	-0.0271813	-0.00347732	1.39396	
5.83344	2.76531	-1.17803	-0.0272408	-0.0033504	1.39748	
5.83344	2.76531	-1.17803	-0.0272408	-0.0033504	1.39748	
5.85087	2.74483	-1.17341	-0.0272981	-0.00322716	1.40484	
5.8913	2.6976	-1.16262	-0.0274228	-0.00294152	1.41825	
5.95333	2.62601	-1.14595	-0.0275922	-0.00252408	1.43656	
6.03493	2.53339	-1.12378	-0.0277767	-0.00200127	1.4592	
6.1335	2.42396	-1.09673	-0.0279442	-0.00140633	1.48196	
6.24586	2.30248	-1.0656	-0.0280668	-0.000785044	1.50313	
6.3684	2.17399	-1.03138	-0.0281243	-0.000161579	1.52142	
6.49718	2.04349	-0.995242	-0.028106	0.000434542	1.53467	
6.62807	1.91564	-0.958435	-0.0280127	0.000983402	1.54352	
6.75685	1.79454	-0.922232	-0.0278534	0.00148553	1.5479	
6.87939	1.68363	-0.887888	-0.027644	0.00192373	1.54732	
6.99175	1.58563	-0.856559	-0.0274071	0.00228771	1.54366	
7.09032	1.50255	-0.829242	-0.0271669	0.00258274	1.53822	
7.17192	1.4358	-0.806771	-0.0269468	0.00280924	1.532	
7.23394	1.38629	-0.789791	-0.0267675	0.00297212	1.52679	
7.27438	1.35457	-0.778766	-0.0266452	0.00307677	1.52331	
7.2918	1.34105	-0.774028	-0.0265912	0.00312177	1.52171	
7.2918	1.34105	-0.774028	-0.0265912	0.00312177	1.52171	
7.30923	1.3276	-0.769298	-0.0265364	0.00316559	1.51938	
7.34967	1.29672	-0.758353	-0.0264064	0.00326235	1.51464	
7.41169	1.2502	-0.741654	-0.0261996	0.00340531	1.50738	
7.49329	1.19057	-0.719852	-0.0259143	0.00358458	1.49667	
7.59186	1.1209	-0.693795	-0.025551	0.0037855	1.48226	
7.70422	1.0446	-0.664489	-0.0251137	0.00399474	1.46407	
7.82676	0.965103	-0.633046	-0.0246114	0.00419872	1.44219	
7.95554	0.885672	-0.600623	-0.0240582	0.0043885	1.41734	
8.08643	0.809178	-0.56836	-0.0234724	0.00455926	1.39022	
8.21521	0.737989	-0.537327	-0.0228756	0.00470591	1.36184	
8.33775	0.673919	-0.50848	-0.0222913	0.00482821	1.33357	
8.45011	0.618244	-0.482633	-0.0217431	0.00492713	1.30656	
8.54868	0.571769	-0.460448	-0.0212536	0.00500375	1.28216	
8.63028	0.534932	-0.442431	-0.0208429	0.00506171	1.26155	
8.6923	0.50791	-0.428954	-0.0205277	0.00510186	1.24546	
8.73274	0.49074	-0.420268	-0.0203209	0.0051265	1.23517	
8.75016	0.48345	-0.41655	-0.0202315	0.00513793	1.23113	
8.75016	0.48345	-0.41655	-0.0202315	0.00513793	1.23113	
8.76759	0.476225	-0.412846	-0.0201418	0.0051487	1.22578	
8.80803	0.459703	-0.404314	-0.0199332	0.00516873	1.21465	
8.87005	0.435029	-0.391387	-0.0196118	0.00519643	1.19803	
8.95165	0.403774	-0.374676	-0.0191864	0.00522771	1.17565	
9.05022	0.36782	-0.354946	-0.0186696	0.00525781	1.14846	
9.16258	0.329174	-0.333064	-0.0180772	0.00528537	1.11706	
9.28512	0.289784	-0.309946	-0.0174282	0.00530606	1.08231	
9.4139	0.251388	-0.286494	-0.0167439	0.00531908	1.04546	
9.54479	0.215401	-0.263551	-0.0160473	0.00532365	1.00756	
9.67357	0.182866	-0.241858	-0.0153619	0.00531936	0.970019	
9.79611	0.154452	-0.222028	-0.0147106	0.00530926	0.934151	
9.90847	0.130494	-0.204541	-0.0141149	0.00529491	0.901116	
10.007	0.111066	-0.189747	-0.0135937	0.00527874	0.872086	
10.0886	0.0960679	-0.177887	-0.0131636	0.00526243	0.84794	
10.1507	0.0853086	-0.169107	-0.0128377	0.00524825	0.829647	
10.1911	0.0785841	-0.163491	-0.0126256	0.00523825	0.817552	
10.2085	0.0757564	-0.161098	-0.0125344	0.00523302	0.812042	
10.2085	0.0757564	-0.161098	-0.0125344	0.00523302	0.812042	
10.2259	0.0729703	-0.158721	-0.0124433	0.00522777	0.807291	
10.2664	0.0666626	-0.153264	-0.0122321	0.00521758	0.795612	
10.3284	0.0574125	-0.145059	-0.011909	0.00520172	0.777324	
10.41	0.0460053	-0.134567	-0.0114854	0.00517972	0.753402	
10.5086	0.0333477	-0.122352	-0.0109762	0.00515254	0.724517	
10.6209	0.0203544	-0.109037	-0.0103991	0.0051197	0.691633	
10.7435	0.00784552	-0.09525	-0.00977394	0.00508271	0.655921	
10.8723	-0.00353198	-0.0815824	-0.00912195	0.00504221	0.61843	
11.0031	-0.0133477	-0.0685485	-0.00846482	0.00499876	0.580495	
11.1319	-0.0213947	-0.0565595	-0.00782386	0.0049552	0.543364	
11.2545	-0.0276658	-0.0459154	-0.00721926	0.00491233	0.50811	
11.3668	-0.0323072	-0.0368056	-0.0066696	0.00487149	0.475952	
11.4654	-0.0355623	-0.0293218	-0.00619123	0.00483484	0.44783	
11.547	-0.0377147	-0.0234831	-0.00579796	0.00480322	0.424596	
11.609	-0.0390393	-0.0192606	-0.00550082	0.00477882	0.407067	
11.6495	-0.0397642	-0.0166071	-0.0053079	0.00476256	0.395478	
11.6669	-0.0400438	-0.0154887	-0.00522498	0.00475484	0.390272	
11.6669	-0.0400438	-0.0154887	-0.00522498	0.00475484	0.390272	
11.6843	-0.040304	-0.0143838	-0.0051422	0.00474801	0.386102	
11.7247	-0.0408346	-0.0118745	-0.0049505	0.00473287	0.374306	
11.7868	-0.0414556	-0.00818134	-0.00465782	0.00470505	0.356813	
11.8684	-0.041934	-0.00359502	-0.00427522	0.00467234	0.334253	
11.9669	-0.0420323	0.00152274	-0.0038168	0.00462749	0.306175	
12.0793	-0.0415594	0.00679857	-0.00330005	0.0045712	0.275124	
12.2018	-0.0404074	0.0118854	-0.00274369	0.00450702	0.240785	
12.3306	-0.0385731	0.0164728	-0.00216861	0.0044214	0.20479	
12.4615	-0.0361544	0.0203573	-0.00159608	0.00432536	0.168824	
12.5903	-0.0333279	0.0234095	-0.00104632	0.00420633	0.13254	
12.7128	-0.0303177	0.0256083	-0.000539301	0.00406608	0.0990739	
12.8252	-0.0273549	0.0270318	-9.05682e-05	0.00391507	0.0676534	
12.9238	-0.024649	0.0277992	0.000287148	0.00374349	0.0400765	
13.0054	-0.0223657	0.0281131	0.000586325	0.0035874	0.0186295	
13.0674	-0.0206201	0.0281467	0.000804626	0.00344533	-0.000781889	
13.1078	-0.0194832	0.0280717	0.000941768	0.00334024	-0.0079894	
13.1252	-0.0189944	0.0280382	0.000999697	0.00331369	-0.0029024	
13.1252	-0.0189944	0.0280382	0.000999697	0.00331369	-0.0029024	
13.1427	-0.0185064	0.0279687	0.00105707	0.00326229	-0.0289793	
13.1831	-0.0173804	0.027724	0.00118562	0.00310887	-0.0295769	
13.2451	-0.0156724	0.0273265	0.00137431	0.00297202	-0.0448064	
13.3267	-0.0134766	0.0264182	0.00160382	0.002625	-0.0764781	
13.4253	-0.0109408	0.0250013	0.00184151	0.00222067	-0.0909335	
13.5377	-0.00824207	0.0229122	0.00206348	0.00167408	-0.13082	
13.6602	-0.0056139	0.0198984	0.00221622	0.000813774	-0.15738	
13.789	-0.00327672	0.0163129	0.00226528	-7.539e-05	-0.182892	
13.9199	-0.00141959	0.0119409	0.00217631	-0.00135072	-0.217043	
14.0487	-0.000177604	0.00737396	0.00191742	-0.0026222	-0.212097	
14.1712	0.000465197	0.00310252	0.00152832	-0.0037581	-0.215581	
14.2836	0.000600606	-0.000538761	0.00104853	-0.00466787	-0.165821	
14.3821	0.000441459	-0.00244418	0.000587443	-0.00452134	-0.0763722	
14.4637	0.000213081	-0.00297278	0.000244501	-0.00377511	0.00995017	
14.5257	4.95736e-05	-0.00196094	5.26273e-05	-0.00213591	0.205727	
14.5662	2.24803e-06	-0.000358415	2.30115e-06	-0.000368682	0.212883	
14.5836	-2.68923e-17	2.2816e-16	1.17667e-17	-5.92218e-18	-1.44774e-07	
