0	0.7	3.25483e-16	3.1415	-2.82163e-17	-13.1009	
0.0185082	0.69969	-0.0317221	3.14181	0.031218	-9.47557	
0.0614639	0.696622	-0.119658	3.14472	0.111384	-16.2371	
0.127347	0.682051	-0.33329	3.15768	0.28591	-22.5249	
0.214034	0.637725	-0.71207	3.19326	0.542432	-32.1228	
0.318738	0.530727	-1.36369	3.26874	0.900526	-43.4729	
0.438093	0.315141	-2.26636	3.397	1.21981	-49.236	
0.568264	-0.0469759	-3.2871	3.56489	1.30126	-46.6909	
0.705066	-0.560066	-4.15714	3.72513	0.968882	-31.5672	
0.844102	-1.17175	-4.52515	3.81212	0.216489	-0.839955	
0.980904	-1.7708	-4.08955	3.77111	-0.857571	37.9776	
1.11107	-2.22735	-2.71805	3.57912	-2.18045	97.7593	
1.23043	-2.40041	0.150477	3.20525	-4.26718	198.531	
1.33513	-2.18766	4.02297	2.64461	-6.28	238.641	
1.42182	-1.70396	6.97019	2.08436	-6.28	170.761	
1.4877	-1.19825	8.17615	1.70811	-5.03125	55.1089	
1.53066	-0.843621	8.24526	1.51265	-4.08172	-21.1412	
1.54917	-0.691756	8.16604	1.44061	-3.70661	-19.392	
1.54917	-0.691756	8.16604	1.44061	-3.70661	-19.392	
1.56768	-0.541444	8.06578	1.37526	-3.3619	-41.5234	
1.61063	-0.203206	7.6508	1.24567	-2.70389	-69.5734	
1.67651	0.273679	6.8046	1.09194	-2.01862	-82.4378	
1.7632	0.81203	5.61637	0.94146	-1.50979	-82.6904	
1.86791	1.32782	4.26216	0.800916	-1.21196	-73.8278	
1.98726	1.75578	2.95433	0.667783	-1.03369	-60.1536	
2.11743	2.063	1.80978	0.542071	-0.905024	-47.8484	
2.25423	2.24363	0.875112	0.426051	-0.790553	-36.1471	
2.39327	2.31394	0.172086	0.324676	-0.667916	-26.7386	
2.53007	2.30063	-0.34052	0.240993	-0.557336	-19.7512	
2.66024	2.23225	-0.689093	0.175112	-0.454896	-13.8921	
2.7796	2.13569	-0.917665	0.126006	-0.371146	-10.3727	
2.8843	2.03147	-1.06434	0.0904362	-0.308708	-7.33815	
2.97099	1.93534	-1.1494	0.0658539	-0.259713	-5.55943	
3.03687	1.85785	-1.20115	0.0497551	-0.229823	-4.4989	
3.07983	1.80568	-1.2262	0.0403035	-0.209863	-3.34551	
3.09834	1.7829	-1.23562	0.0364971	-0.201816	-3.70291	
3.09834	1.7829	-1.23562	0.0364971	-0.201816	-3.70291	
3.11684	1.75995	-1.24506	0.0328255	-0.194844	-3.17484	
3.1598	1.70607	-1.26247	0.0248179	-0.178062	-2.46103	
3.22568	1.62222	-1.2817	0.0138752	-0.154697	-1.71587	
3.31237	1.51043	-1.29528	0.00164468	-0.128102	-0.795028	
3.41707	1.37463	-1.2962	-0.0102903	-0.100764	0.081636	
3.53643	1.22064	-1.28177	-0.0207708	-0.0758538	0.836172	
3.6666	1.05562	-1.2514	-0.0291925	-0.0543891	1.47626	
3.8034	0.887312	-1.20765	-0.0353902	-0.0370727	1.92863	
3.94244	0.722995	-1.1548	-0.0395886	-0.0239135	2.2596	
4.07924	0.56892	-1.097	-0.0421489	-0.0139815	2.47098	
4.20941	0.429873	-1.03902	-0.0434919	-0.0070061	2.58445	
4.32877	0.309117	-0.984244	-0.04402	-0.00200932	2.66005	
4.43347	0.208607	-0.935641	-0.0440407	0.00144347	2.67179	
4.52016	0.129241	-0.895464	-0.0438168	0.00367169	2.68165	
4.58604	0.071252	-0.86491	-0.0435229	0.00521693	2.67712	
4.62899	0.0345241	-0.845164	-0.0432807	0.00602426	2.65371	
4.6475	0.0189601	-0.836679	-0.0431662	0.00635398	2.67125	
4.6475	0.0189601	-0.836679	-0.0431662	0.00635398	2.67125	
4.66601	0.00355327	-0.828186	-0.0430454	0.00669587	2.65683	
4.70897	-0.031601	-0.808609	-0.0427427	0.00738136	2.63949	
4.77485	-0.0838917	-0.778826	-0.0422253	0.00830656	2.61851	
4.86154	-0.149724	-0.740143	-0.0414592	0.00932846	2.5811	
4.96624	-0.224813	-0.694332	-0.0404301	0.0102848	2.52887	
5.0856	-0.304634	-0.64345	-0.0391515	0.011097	2.46175	
5.21577	-0.384876	-0.589756	-0.0376649	0.0116982	2.38013	
5.35257	-0.461818	-0.535482	-0.0360358	0.0120835	2.28942	
5.49161	-0.532571	-0.482678	-0.03434	0.0122792	2.19281	
5.62841	-0.595184	-0.433102	-0.0326561	0.0123183	2.09585	
5.75858	-0.648611	-0.388134	-0.0310558	0.0122547	2.00277	
5.87793	-0.692571	-0.348798	-0.0296004	0.0121222	1.91714	
5.98264	-0.727351	-0.315767	-0.0283391	0.0119657	1.8431	
6.06932	-0.753576	-0.289457	-0.0273083	0.0118113	1.78145	
6.13521	-0.772005	-0.270086	-0.0265345	0.0116777	1.73559	
6.17816	-0.783341	-0.257738	-0.0260348	0.0115896	1.70611	
6.19667	-0.788063	-0.252488	-0.0258207	0.011549	1.69202	
6.19667	-0.788063	-0.252488	-0.0258207	0.011549	1.69202	
6.21518	-0.792688	-0.24728	-0.0256073	0.0115073	1.68036	
6.25813	-0.803053	-0.235346	-0.025115	0.0114151	1.65165	
6.32402	-0.817966	-0.217469	-0.0243677	0.0112685	1.6066	
6.4107	-0.835826	-0.19473	-0.0233997	0.0110632	1.54844	
6.51541	-0.854827	-0.168426	-0.0222547	0.0108061	1.47955	
6.63476	-0.873215	-0.139962	-0.0209831	0.0104995	1.40237	
6.76493	-0.88951	-0.110718	-0.0196389	0.0101524	1.32068	
6.90174	-0.902666	-0.0819409	-0.0182753	0.00978221	1.23747	
7.04077	-0.912141	-0.0546819	-0.0169417	0.00939909	1.15551	
7.17757	-0.917895	-0.0297446	-0.0156819	0.00902034	1.07802	
7.30775	-0.920314	-0.00768182	-0.014531	0.00866282	1.00683	
7.4271	-0.920093	0.0111692	-0.0135166	0.00833426	0.943692	
7.53181	-0.918104	0.0266607	-0.012659	0.00804852	0.890376	
7.61849	-0.915263	0.0387722	-0.0119714	0.00781503	0.847349	
7.68437	-0.912417	0.0475541	-0.0114624	0.00763755	0.81534	
7.72733	-0.910255	0.0530881	-0.0111368	0.00752273	0.795045	
7.74584	-0.909251	0.055427	-0.010998	0.00747384	0.786407	
7.74584	-0.909251	0.055427	-0.010998	0.00747384	0.786407	
7.76435	-0.908204	0.0577381	-0.0108601	0.00742483	0.77758	
7.8073	-0.90561	0.0629971	-0.0105436	0.00731157	0.75781	
7.87319	-0.901201	0.0707836	-0.0100676	0.00714024	0.727801	
7.95987	-0.894639	0.0805212	-0.00945835	0.0069158	0.689283	
8.06458	-0.885624	0.0915415	-0.00874816	0.00665146	0.644588	
8.18393	-0.873996	0.10315	-0.00797186	0.00635721	0.595185	
8.3141	-0.859805	0.114696	-0.00716499	0.00604155	0.543809	
8.4509	-0.843352	0.125644	-0.00636043	0.00572307	0.492545	
8.58994	-0.825178	0.135583	-0.00558668	0.00540782	0.442657	
8.72674	-0.806025	0.144255	-0.00486766	0.00510645	0.396432	
8.85691	-0.786763	0.151547	-0.00422087	0.00483274	0.354606	
8.97627	-0.768315	0.157448	-0.00365875	0.0045872	0.317906	
9.08097	-0.751585	0.162038	-0.00318942	0.00437962	0.287545	
9.16766	-0.737388	0.165444	-0.00281695	0.00421423	0.263107	
9.23354	-0.72641	0.167799	-0.00254342	0.00408966	0.24511	
9.2765	-0.719171	0.169231	-0.00236945	0.00401062	0.233883	
9.29501	-0.716033	0.169823	-0.00229553	0.00397704	0.228899	
9.29501	-0.716033	0.169823	-0.00229553	0.00397704	0.228899	
9.31351	-0.712884	0.1704	-0.00222223	0.00394364	0.224221	
9.35647	-0.705537	0.171684	-0.00205447	0.00386728	0.213173	
9.42235	-0.694165	0.173501	-0.00180351	0.00375177	0.196635	
9.50904	-0.679031	0.175623	-0.00148471	0.00360408	0.175609	
9.61374	-0.660525	0.177791	-0.00111648	0.00343046	0.151112	
9.7331	-0.639182	0.179763	-0.000718511	0.00323973	0.124695	
9.86327	-0.615673	0.181339	-0.000309754	0.00304221	0.0974068	
10.0001	-0.590787	0.182386	9.27543e-05	0.00284395	0.0703669	
10.1391	-0.56539	0.182854	0.000474835	0.00265437	0.0447223	
10.2759	-0.540375	0.182766	0.00082586	0.00247899	0.0209201	
10.4061	-0.516615	0.182209	0.00113814	0.00232061	-0.000303481	
10.5254	-0.494917	0.18132	0.00140692	0.00218473	-0.0185897	
10.6301	-0.475986	0.180258	0.00162969	0.00207123	-0.0339385	
10.7168	-0.460405	0.17919	0.00180531	0.00198131	-0.0459528	
10.7827	-0.448629	0.17827	0.00193368	0.00191618	-0.0547983	
10.8257	-0.440985	0.17762	0.0020151	0.0018749	-0.060313	
10.8442	-0.4377	0.17733	0.00204965	0.0018581	-0.0623544	
10.8442	-0.4377	0.17733	0.00204965	0.0018581	-0.0623544	
10.8627	-0.434421	0.177033	0.00208389	0.00184223	-0.0646182	
10.9056	-0.426832	0.176318	0.00216225	0.00180604	-0.0700546	
10.9715	-0.415253	0.17515	0.00227942	0.00175142	-0.078147	
11.0582	-0.400141	0.173489	0.00242823	0.00168228	-0.0884695	
11.1629	-0.382089	0.171298	0.00260009	0.00160067	-0.100585	
11.2823	-0.361805	0.168567	0.00278576	0.00151159	-0.113543	
11.4124	-0.34007	0.165323	0.0029766	0.00142159	-0.12697	
11.5492	-0.317703	0.161632	0.0031649	0.00133232	-0.140342	
11.6883	-0.295507	0.157605	0.00334431	0.0012501	-0.152936	
11.8251	-0.274232	0.153392	0.00351031	0.00117791	-0.164749	
11.9552	-0.254538	0.149164	0.00365947	0.00111508	-0.17534	
12.0746	-0.236974	0.145114	0.00378953	0.00106561	-0.184427	
12.1793	-0.221972	0.141431	0.00389908	0.00102743	-0.192251	
12.266	-0.209847	0.138292	0.00398686	0.000998579	-0.198407	
12.3319	-0.200816	0.135857	0.00405202	0.000979825	-0.202923	
12.3748	-0.195015	0.134245	0.00409386	0.000967981	-0.206107	
12.3933	-0.192537	0.133544	0.00411172	0.000962379	-0.207566	
12.3933	-0.192537	0.133544	0.00411172	0.000962379	-0.207566	
12.4118	-0.190072	0.13284	0.00412948	0.000956985	-0.208728	
12.4548	-0.184401	0.131189	0.00417028	0.000941661	-0.212567	
12.5207	-0.175842	0.128616	0.00423137	0.000913184	-0.217137	
12.6074	-0.164842	0.125171	0.00430917	0.000882528	-0.222681	
12.7121	-0.151958	0.120911	0.00439957	0.000843171	-0.230018	
12.8314	-0.137823	0.115931	0.0044975	0.000799223	-0.237268	
12.9616	-0.123093	0.110361	0.00459868	0.000753812	-0.245673	
13.0984	-0.108405	0.104339	0.00469775	0.000693399	-0.254216	
13.2374	-0.0943327	0.098064	0.00478983	0.000630378	-0.26233	
13.3742	-0.0813489	0.0917268	0.00487079	0.000547903	-0.271226	
13.5044	-0.0698093	0.0855516	0.00493582	0.000450177	-0.278399	
13.6238	-0.0599417	0.0797761	0.00498363	0.000345373	-0.285924	
13.7285	-0.0518589	0.0746012	0.00501336	0.000217875	-0.29241	
13.8152	-0.0455797	0.070263	0.0050274	0.000105816	-0.296297	
13.881	-0.0410604	0.0669184	0.00503106	-2.3739e-06	-0.30294	
13.924	-0.0382333	0.064714	0.0050291	-8.46967e-05	-0.300846	
13.9425	-0.0370442	0.063786	0.00502738	-9.60799e-05	-0.290473	
13.9425	-0.0370442	0.063786	0.00502738	-9.60799e-05	-0.290473	
13.961	-0.0358724	0.0628257	0.00502532	-0.000139413	-0.317191	
14.004	-0.0332229	0.0605473	0.00501593	-0.000279872	-0.306845	
14.0699	-0.0293448	0.0571788	0.00499497	-0.000359784	-0.308421	
14.1565	-0.0245878	0.052532	0.00495197	-0.000665133	-0.324984	
14.2612	-0.0193826	0.0469296	0.00486352	-0.00099014	-0.315973	
14.3806	-0.0141615	0.0404993	0.00472301	-0.00142893	-0.334127	
14.5108	-0.00936436	0.0332123	0.00448708	-0.00219311	-0.334301	
14.6476	-0.00533215	0.0257518	0.00413895	-0.0029156	-0.33229	
14.7866	-0.00228952	0.0179776	0.00365929	-0.00405839	-0.341907	
14.9234	-0.00033995	0.0106654	0.00302486	-0.00514894	-0.307541	
15.0536	0.000633526	0.00435478	0.00229706	-0.00607077	-0.288622	
15.1729	0.000837322	-0.000688152	0.0015229	-0.00676036	-0.211665	
15.2776	0.00061425	-0.00322865	0.000833604	-0.00620523	-0.093687	
15.3643	0.00029521	-0.00389176	0.000341696	-0.00501793	0.0146182	
15.4302	6.84843e-05	-0.00255268	7.29375e-05	-0.00279416	0.253024	
15.4732	3.10141e-06	-0.000465571	3.17727e-06	-0.000479445	0.260416	
15.4917	6.08434e-18	-1.79377e-16	-1.11904e-17	2.56152e-18	-1.66552e-07	
