0	0.7	2.13004e-15	-1.58435e-16	-2.09433	-4.75868
0.0286567	0.699694	-0.0215747	-0.0580794	-1.96383	-5.04067
0.0951659	0.69666	-0.0678206	-0.180978	-1.7498	-3.98108
0.197174	0.686962	-0.119232	-0.35014	-1.59798	-2.74354
0.331393	0.66764	-0.164943	-0.564525	-1.63267	-1.64565
0.493509	0.63858	-0.186998	-0.848217	-1.8991	-0.210195
0.678309	0.605268	-0.166505	-1.24114	-2.37083	0.96033
0.879855	0.577195	-0.105973	-1.77182	-2.86581	1.83124
1.09167	0.565436	0.000227415	-2.40191	-2.97642	2.88534
1.30694	0.574112	0.0553873	-2.98452	-2.29738	-0.589498
1.51876	0.576766	-0.0513055	-3.3468	-1.09486	-4.12187
1.7203	0.549636	-0.231605	-3.45857	-0.0624655	-6.93469
1.9051	0.482485	-0.515158	-3.40389	0.601345	-10.7978
2.06722	0.377366	-0.766761	-3.28203	0.838449	-7.96221
2.20144	0.263155	-0.93786	-3.16989	0.812508	-8.41382
2.30345	0.162027	-1.01838	-3.09265	0.668499	0.91698
2.36995	0.0955576	-0.982509	-3.05454	0.481563	-1.98159
2.39861	0.066822	-1.04519	-3.04106	0.480745	-30.7151
2.39861	0.066822	-1.04519	-3.04106	0.480745	-30.7151
2.42727	0.0371298	-0.977338	-3.02849	0.34757	35.4216
2.49378	-0.0188022	-0.793964	-3.0183	0.0565364	-6.22915
2.59579	-0.102202	-0.725587	-3.01714	-0.141733	29.2891
2.73	-0.139381	0.17269	-3.09523	-0.953438	33.078
2.89212	-0.0549295	0.908517	-3.26828	-1.16245	41.9135
3.07692	0.277305	2.80766	-3.54396	-1.77761	63.8183
3.27847	0.974223	3.7496	-3.8303	-0.746633	4.0421
3.49028	1.78534	3.93639	-3.84724	0.446764	0.896415
3.70555	2.47168	1.41655	-3.51851	3.21089	-166.256
3.91737	2.0174	-5.85722	-2.43868	6.24299	-194.569
4.11891	0.438625	-8.55769	-1.37837	3.6063	26.1336
4.30371	-0.960615	-6.28694	-0.957296	1.45985	89.3088
4.46583	-1.80593	-4.2658	-0.746108	1.16664	63.0459
4.60005	-2.29084	-2.99011	-0.610414	0.892649	54.4842
4.70206	-2.55113	-2.1369	-0.520715	0.866072	45.7533
4.76857	-2.67813	-1.70267	-0.465887	0.774029	35.1375
4.79722	-2.72452	-1.53093	-0.444146	0.749096	41.0454
4.79722	-2.72452	-1.53093	-0.444146	0.749096	41.0454
4.82588	-2.76577	-1.35161	-0.422844	0.735432	36.0133
4.89239	-2.84355	-0.998167	-0.375751	0.678363	30.0332
4.9944	-2.92145	-0.542925	-0.31104	0.59313	25.0043
5.12862	-2.96088	-0.0681277	-0.238101	0.494196	18.6846
5.29073	-2.9369	0.337969	-0.167443	0.379846	12.8221
5.47553	-2.84369	0.648824	-0.107257	0.276868	8.44017
5.67708	-2.69008	0.85525	-0.0604328	0.19096	4.76503
5.88889	-2.4956	0.967932	-0.0275756	0.124071	2.46693
6.10417	-2.28075	1.01922	-0.00574611	0.0816272	0.929609
6.31598	-2.06385	1.02243	0.00806944	0.0502717	-0.175473
6.51753	-1.85958	1.00241	0.0161852	0.0323993	-0.607194
6.70233	-1.67705	0.970373	0.0211257	0.0208359	-1.13221
6.86444	-1.52272	0.933306	0.0237308	0.0123764	-1.21455
6.99866	-1.39951	0.902134	0.0251949	0.00939166	-1.37287
7.10067	-1.30887	0.874482	0.0259467	0.00524395	-1.51044
7.16718	-1.25129	0.857599	0.0262554	0.00452795	-1.31427
7.19583	-1.22681	0.850148	0.0263829	0.00411717	-1.66062
7.19583	-1.22681	0.850148	0.0263829	0.00411717	-1.66062
7.22449	-1.20257	0.841971	0.0264843	0.00307758	-1.53488
7.291	-1.14717	0.824034	0.026649	0.00200309	-1.49126
7.39301	-1.06453	0.796192	0.02678	0.000512579	-1.5455
7.52723	-0.960154	0.759082	0.0267223	-0.00123664	-1.54516
7.68934	-0.840697	0.714685	0.0264105	-0.00254867	-1.54241
7.87414	-0.713277	0.664428	0.025815	-0.00385033	-1.52924
8.07569	-0.584775	0.611058	0.0249444	-0.00467868	-1.48217
8.2875	-0.461113	0.556897	0.0238933	-0.00525004	-1.43885
8.50278	-0.346965	0.50404	0.0227089	-0.00568694	-1.3746
8.71459	-0.245471	0.454719	0.0214916	-0.00579154	-1.30972
8.91614	-0.158364	0.410044	0.0203097	-0.00594001	-1.24975
9.10094	-0.0862035	0.371282	0.0192113	-0.00590559	-1.18302
9.26305	-0.028651	0.338966	0.0182604	-0.00585092	-1.1362
9.39727	0.0151108	0.313323	0.0174745	-0.00583871	-1.08794
9.49928	0.046114	0.294642	0.0168844	-0.00572905	-1.05423
9.56579	0.0653131	0.282724	0.016504	-0.0057239	-1.03947
9.59445	0.0733425	0.277677	0.01634	-0.00571007	-1.01856
9.59445	0.0733425	0.277677	0.01634	-0.00571007	-1.01856
9.6231	0.0812284	0.2727	0.016177	-0.0056739	-1.01398
9.68961	0.0989848	0.261293	0.0158012	-0.0056302	-0.994641
9.79162	0.124767	0.244296	0.0152305	-0.00555367	-0.960706
9.92584	0.156105	0.222844	0.0144929	-0.0054375	-0.918536
10.088	0.19022	0.198269	0.0136226	-0.00529696	-0.867958
10.2728	0.224406	0.172019	0.0126603	-0.00511576	-0.811449
10.4743	0.256363	0.145451	0.0116495	-0.00491412	-0.752225
10.6861	0.284412	0.119768	0.0106318	-0.00469199	-0.69158
10.9014	0.307588	0.0959235	0.00964713	-0.00445693	-0.632875
11.1132	0.325609	0.0745711	0.00872732	-0.00422742	-0.577529
11.3147	0.338748	0.0561128	0.00789792	-0.00400249	-0.527197
11.4995	0.347672	0.0406941	0.00717698	-0.00380121	-0.483527
11.6617	0.35325	0.0283008	0.00657496	-0.00362502	-0.446452
11.7959	0.356404	0.0188083	0.00609828	-0.00347898	-0.41733
11.8979	0.357974	0.0120368	0.00574883	-0.00337252	-0.395807
11.9644	0.358634	0.00782464	0.00552687	-0.00330213	-0.382092
11.9931	0.358833	0.00605603	0.00543266	-0.00327376	-0.377035
11.9931	0.358833	0.00605603	0.00543266	-0.00327376	-0.377035
12.0217	0.358981	0.00431482	0.00533923	-0.0032465	-0.370877
12.0882	0.359137	0.000385952	0.00512552	-0.00317975	-0.357419
12.1902	0.358881	-0.00534891	0.00480641	-0.00307693	-0.337573
12.3245	0.357685	-0.0123745	0.0044025	-0.00294149	-0.31223
12.4866	0.355041	-0.0201041	0.0039389	-0.00277829	-0.283077
12.6714	0.350585	-0.0279614	0.00344236	-0.00259633	-0.251698
12.8729	0.344177	-0.0354436	0.00293866	-0.00240298	-0.219655
13.0847	0.335937	-0.0421722	0.00245051	-0.00220776	-0.188447
13.3	0.326222	-0.0479119	0.00199578	-0.00201835	-0.159145
13.5118	0.315564	-0.0525664	0.00158723	-0.00184096	-0.132655
13.7134	0.304594	-0.0561585	0.00123242	-0.00168129	-0.109476
13.8982	0.293963	-0.0587938	0.000934695	-0.00154207	-0.0898865
14.0603	0.284277	-0.0606289	0.000694158	-0.00142645	-0.0739873
14.1945	0.276056	-0.0618348	0.000508893	-0.00133463	-0.0616006
14.2965	0.269709	-0.0625726	0.000376223	-0.00126692	-0.0527185
14.363	0.265534	-0.0629745	0.000293397	-0.0012237	-0.0470257
14.3917	0.263727	-0.0631282	0.000258604	-0.00120442	-0.0444092
14.3917	0.263727	-0.0631282	0.000258604	-0.00120442	-0.0444092
14.4203	0.261916	-0.0632706	0.000224368	-0.00118514	-0.0422687
14.4868	0.257698	-0.0635612	0.000146966	-0.00114271	-0.0371034
14.5888	0.251196	-0.0638984	3.36415e-05	-0.00107941	-0.0293375
14.7231	0.2426	-0.0641516	-0.000105796	-0.000998995	-0.0197702
14.8852	0.232193	-0.06419	-0.000260199	-0.000906604	-0.00905172
15.07	0.220352	-0.0639065	-0.000418403	-0.000806503	0.00207517
15.2715	0.207533	-0.0632414	-0.000570518	-0.000704172	0.0129189
15.4833	0.194243	-0.0621892	-0.000708925	-0.000603873	0.0229903
15.6986	0.181	-0.0607977	-0.000828608	-0.000509338	0.0318848
15.9104	0.168291	-0.0591574	-0.000927304	-0.000423744	0.0394257
16.112	0.156544	-0.0573849	-0.00100503	-0.000348596	0.045564
16.2968	0.146101	-0.0556075	-0.00106352	-0.000285331	0.0503444
16.4589	0.13722	-0.0539479	-0.00110558	-0.000234282	0.053927
16.5931	0.130075	-0.0525145	-0.00113438	-0.000195438	0.0564548
16.6951	0.124775	-0.0513948	-0.00115292	-0.000168281	0.0581458
16.7616	0.121381	-0.0506523	-0.00116355	-0.000151457	0.0591655
16.7903	0.119934	-0.0503295	-0.00116779	-0.000144426	0.0595661
16.7903	0.119934	-0.0503295	-0.00116779	-0.000144426	0.0595661
16.8189	0.118496	-0.0500047	-0.00117182	-0.000137041	0.0601663
16.8854	0.115196	-0.0492432	-0.00118033	-0.000118661	0.0611788
16.9875	0.110233	-0.0480603	-0.00119104	-9.17108e-05	0.0623857
17.1217	0.103888	-0.0464818	-0.00120113	-5.90341e-05	0.0637496
17.2838	0.0965089	-0.0445498	-0.00120771	-2.28627e-05	0.0650024
17.4686	0.0884812	-0.0423267	-0.00120848	1.3785e-05	0.0659682
17.6701	0.0801957	-0.039892	-0.00120204	4.94462e-05	0.0665452
17.8819	0.0720167	-0.0373391	-0.00118799	8.24475e-05	0.066633
18.0972	0.0642559	-0.0347674	-0.00116702	0.000111779	0.0662715
18.309	0.0571566	-0.0322739	-0.00114059	0.000137286	0.0655085
18.5106	0.0508872	-0.029947	-0.00111072	0.000158636	0.0644548
18.6954	0.0455465	-0.0278605	-0.00107973	0.000176584	0.0632655
18.8575	0.0411754	-0.0260719	-0.00104988	0.000191627	0.0620575
18.9917	0.0377737	-0.0246231	-0.00102332	0.000204212	0.0609825
19.0937	0.0353172	-0.0235423	-0.00100198	0.00021433	0.0601028
19.1602	0.0337746	-0.0228477	-0.000987502	0.000220998	0.0594721
19.1889	0.0331241	-0.022551	-0.000981128	0.000223854	0.0591974
19.1889	0.0331241	-0.022551	-0.000981128	0.000223854	0.0591974
19.2175	0.0324821	-0.0222566	-0.00097468	0.000225955	0.0586159
19.2841	0.0310243	-0.0215827	-0.000959567	0.00022823	0.0577213
19.3861	0.0288746	-0.020568	-0.000936136	0.000231285	0.0565893
19.5203	0.0262017	-0.0192675	-0.000904815	0.00023528	0.0549878
19.6824	0.0232019	-0.0177513	-0.000866344	0.000239281	0.0530205
19.8672	0.0200756	-0.0160962	-0.000821718	0.000243572	0.0507022
20.0687	0.0170057	-0.0143834	-0.00077227	0.00024684	0.0480626
20.2806	0.0141404	-0.0126888	-0.000719734	0.000249077	0.0452366
20.4958	0.0115842	-0.0110791	-0.000665978	0.000250054	0.0422766
20.7076	0.00939534	-0.00960735	-0.000613053	0.00024949	0.0393286
20.9092	0.00759141	-0.00831044	-0.000562907	0.000247884	0.0364864
21.094	0.00615856	-0.00721084	-0.000517362	0.000244718	0.0338387
21.2561	0.00506293	-0.00631683	-0.000478016	0.000240428	0.0315057
21.3903	0.0042619	-0.00562708	-0.000446079	0.000235076	0.0295215
21.4923	0.00371328	-0.00513366	-0.000422373	0.000229541	0.0280356
21.5588	0.00338214	-0.00482595	-0.00040724	0.000225446	0.0270562
21.5875	0.0032457	-0.00469701	-0.000400809	0.000223312	0.0265621
21.5875	0.0032457	-0.00469701	-0.000400809	0.000223312	0.0265621
21.6162	0.00311293	-0.00456919	-0.000394433	0.000222	0.0265683
21.6827	0.00281881	-0.00427685	-0.000379681	0.000221704	0.0258152
21.7847	0.0024046	-0.0038482	-0.000357125	0.000220351	0.0244493
21.9189	0.00192406	-0.00331868	-0.000327659	0.000218897	0.0227905
22.081	0.0014344	-0.00273221	-0.000292349	0.000216274	0.0206367
22.2658	0.000985796	-0.00213504	-0.000252812	0.000211692	0.0182974
22.4674	0.000614204	-0.00156705	-0.000210618	0.000206675	0.0157156
22.6792	0.000337051	-0.00106618	-0.000167725	0.000197753	0.0129754
22.8944	0.000153608	-0.000654054	-0.000126308	0.000186708	0.0103062
23.1063	4.96025e-05	-0.000344147	-8.83376e-05	0.000170375	0.0075578
23.3078	2.51798e-06	-0.000136599	-5.61928e-05	0.000147755	0.00511331
23.4926	-1.05922e-05	-1.67771e-05	-3.124e-05	0.000120601	0.00283854
23.6547	-8.75569e-06	3.08086e-05	-1.43514e-05	8.61447e-05	0.000898636
23.7889	-3.95378e-06	3.63788e-05	-4.9616e-06	5.34599e-05	-0.000326388
23.8909	-8.53325e-07	2.11201e-05	-9.36706e-07	2.4182e-05	-0.00149065
23.9575	-3.70921e-08	3.61653e-06	-3.82893e-08	3.76357e-06	-0.0013232
23.9861	-1.76871e-17	1.7409e-16	9.61086e-18	-4.75917e-18	5.28791e-10
