0	0.233333	-2.66667	-3.1415	-2.09433	12.1166
0.0226438	0.173485	-2.61883	-3.18796	-2.00897	13.1779
0.0751975	0.0388426	-2.50609	-3.28804	-1.79504	12.6772
0.155801	-0.156584	-2.34456	-3.41806	-1.4256	11.9814
0.261858	-0.394422	-2.14289	-3.54243	-0.92044	11.1693
0.389957	-0.65465	-1.92566	-3.62286	-0.3475	9.51375
0.535982	-0.920517	-1.72577	-3.63284	0.186102	6.94626
0.695238	-1.18305	-1.58499	-3.56857	0.587972	3.71714
0.862608	-1.44189	-1.52367	-3.44958	0.801126	0.162134
1.03271	-1.70363	-1.57323	-3.30698	0.851846	-4.00998
1.20008	-1.97609	-1.68082	-3.171	0.742435	-3.81438
1.35934	-2.24914	-1.73823	-3.0716	0.488316	-1.50234
1.50536	-2.5024	-1.70715	-3.02193	0.177408	4.48692
1.63346	-2.70991	-1.49661	-3.02184	-0.190475	14.6538
1.73952	-2.85291	-1.183	-3.0593	-0.511004	21.0201
1.82012	-2.93533	-0.836225	-3.11037	-0.766316	32.6659
1.87267	-2.97143	-0.537656	-3.15563	-0.947745	31.7963
1.89532	-2.98246	-0.447377	-3.17751	-0.972865	13.84
1.89532	-2.98246	-0.447377	-3.17751	-0.972865	13.84
1.91796	-2.99099	-0.278136	-3.20034	-1.06996	60.9301
1.97052	-2.9936	0.128517	-3.26316	-1.25948	31.3173
2.05112	-2.96563	0.628686	-3.36588	-1.3348	55.8317
2.15718	-2.84234	1.67369	-3.52494	-1.59459	50.6559
2.28528	-2.57562	2.44423	-3.70723	-1.18913	37.6511
2.4313	-2.14518	3.45051	-3.85076	-0.762704	35.6905
2.59056	-1.56648	3.56263	-3.89058	0.378179	-19.8224
2.75793	-1.03151	2.73355	-3.72792	1.53009	-46.3177
2.92803	-0.767195	-0.289627	-3.29089	4.01065	-184.39
3.0954	-1.30421	-6.20082	-2.37857	6.28	-202.812
3.25466	-2.57717	-8.89147	-1.51405	4.01071	-1.77606
3.40068	-3.79201	-7.35417	-1.11252	1.86415	98.9581
3.52878	-4.60382	-5.39645	-0.909843	1.36225	79.8992
3.63484	-5.10723	-4.11559	-0.783977	1.05057	73.482
3.71544	-5.39914	-3.13513	-0.700646	1.02902	68.7326
3.76799	-5.55014	-2.64407	-0.648471	0.939012	48.1598
3.79064	-5.60787	-2.44395	-0.627629	0.912434	67.0819
3.79064	-5.60787	-2.44395	-0.627629	0.912434	67.0819
3.81328	-5.66056	-2.21649	-0.606918	0.912772	56.8739
3.86583	-5.76516	-1.77697	-0.560037	0.867051	47.672
3.94644	-5.88406	-1.18362	-0.493057	0.799339	42.7673
4.0525	-5.97283	-0.514873	-0.412155	0.724431	34.5032
4.18059	-5.99701	0.108311	-0.326161	0.617368	26.2271
4.32662	-5.93987	0.649044	-0.24414	0.509842	19.8637
4.48588	-5.8007	1.07031	-0.171485	0.402193	13.4204
4.65324	-5.59552	1.36223	-0.113123	0.300091	9.13819
4.82335	-5.3456	1.56125	-0.0686346	0.226212	5.89913
4.99072	-5.07404	1.67131	-0.0362373	0.162314	3.20821
5.14997	-4.80289	1.72905	-0.0140384	0.120492	2.03178
5.296	-4.54836	1.75097	0.00146105	0.091207	0.512368
5.4241	-4.32421	1.74715	0.0115294	0.0680663	0.0668259
5.53015	-4.13925	1.73939	0.0181837	0.0575231	-0.485255
5.61076	-3.99963	1.72353	0.0223724	0.0461618	-0.991243
5.66331	-3.90932	1.71413	0.0246776	0.0425461	-0.606321
5.68596	-3.87055	1.70953	0.0256279	0.040914	-1.47062
5.68596	-3.87055	1.70953	0.0256279	0.040914	-1.47062
5.7086	-3.83191	1.7034	0.0265199	0.0381006	-1.21321
5.76115	-3.74273	1.69049	0.0284114	0.0341349	-1.20707
5.84176	-3.60734	1.66844	0.0309408	0.0285766	-1.47369
5.94781	-3.4321	1.63569	0.0336097	0.0220805	-1.64576
6.07591	-3.22527	1.59283	0.0360537	0.0162864	-1.83835
6.22194	-2.99653	1.5395	0.0380083	0.0106722	-2.01513
6.38119	-2.7562	1.47832	0.0393344	0.00628731	-2.1142
6.54856	-2.51431	1.41168	0.0400885	0.00279906	-2.21356
6.71867	-2.28007	1.34237	0.0403082	-2.51327e-05	-2.24918
6.88604	-2.06112	1.27406	0.0401447	-0.00184823	-2.26623
7.04529	-1.8634	1.20893	0.0397216	-0.00343873	-2.27328
7.19132	-1.69119	1.1499	0.0391404	-0.00441975	-2.24296
7.31942	-1.54717	1.09874	0.038531	-0.00512872	-2.23646
7.42547	-1.43287	1.0568	0.0379531	-0.00572104	-2.20381
7.50608	-1.34895	1.02547	0.0374824	-0.00595019	-2.18339
7.55863	-1.2956	1.00511	0.0371636	-0.0062079	-2.18533
7.58127	-1.27294	0.996405	0.0370218	-0.00629397	-2.15153
7.58127	-1.27294	0.996405	0.0370218	-0.00629397	-2.15153
7.60392	-1.25047	0.987767	0.0368789	-0.00633768	-2.15709
7.65647	-1.19909	0.967754	0.0365413	-0.00651203	-2.14722
7.73708	-1.12231	0.937393	0.0360066	-0.00674465	-2.11963
7.84313	-1.02498	0.898089	0.0352779	-0.00699351	-2.08621
7.97123	-0.912928	0.851592	0.0343644	-0.00725708	-2.04162
8.11726	-0.792359	0.800005	0.0332882	-0.00747059	-1.98724
8.27651	-0.669318	0.745498	0.0320838	-0.00764749	-1.92646
8.44388	-0.549197	0.69026	0.0307927	-0.00776659	-1.85849
8.61399	-0.4364	0.63633	0.0294662	-0.00782372	-1.78852
8.78135	-0.334186	0.585451	0.0281544	-0.00784374	-1.71799
8.94061	-0.244668	0.539089	0.0269071	-0.00781407	-1.64973
9.08664	-0.168944	0.498323	0.0257694	-0.007766	-1.58771
9.21474	-0.107325	0.463938	0.0247782	-0.00770404	-1.53224
9.32079	-0.0595874	0.436443	0.0239647	-0.00763689	-1.48721
9.4014	-0.0252307	0.416124	0.0233512	-0.00758546	-1.45285
9.45395	-0.00370373	0.40315	0.0229536	-0.00754448	-1.42993
9.47659	0.0053625	0.397625	0.022783	-0.00752697	-1.42134
9.47659	0.0053625	0.397625	0.022783	-0.00752697	-1.42134
9.49924	0.014304	0.392138	0.0226127	-0.00751021	-1.41113
9.55179	0.0345809	0.379558	0.0222192	-0.00746567	-1.38858
9.63239	0.0644103	0.360674	0.0216203	-0.00739376	-1.35471
9.73845	0.101377	0.336573	0.0208414	-0.00729318	-1.31025
9.86655	0.142686	0.308585	0.0199154	-0.0071619	-1.2572
10.0126	0.185506	0.278151	0.0188811	-0.00700288	-1.19763
10.1718	0.227276	0.246714	0.0177804	-0.00681797	-1.13379
10.3392	0.265937	0.2156	0.0166563	-0.00661356	-1.06826
10.5093	0.300061	0.185944	0.0155496	-0.00639737	-1.0033
10.6767	0.328873	0.158644	0.0144972	-0.00617748	-0.941198
10.8359	0.352181	0.134341	0.0135303	-0.00596418	-0.883847
10.982	0.370257	0.113447	0.0126739	-0.00576541	-0.832763
11.1101	0.383673	0.0961785	0.0119466	-0.00558967	-0.789241
11.2161	0.393148	0.0826102	0.0113615	-0.0054436	-0.754054
11.2967	0.399406	0.0727294	0.0109272	-0.00533209	-0.727888
11.3493	0.403063	0.0664835	0.0106489	-0.00525958	-0.71108
11.3719	0.404539	0.0638397	0.0105302	-0.00522813	-0.703791
11.3719	0.404539	0.0638397	0.0105302	-0.00522813	-0.703791
11.3946	0.405955	0.0612242	0.0104121	-0.00519668	-0.696756
11.4471	0.409015	0.0552609	0.0101409	-0.00512448	-0.680394
11.5277	0.41311	0.0464033	0.00973233	-0.0050141	-0.655612
11.6338	0.417436	0.0352703	0.00920823	-0.00486967	-0.623776
11.7619	0.421133	0.0225917	0.00859551	-0.00469685	-0.586422
11.9079	0.423436	0.00912998	0.00792391	-0.00450211	-0.545331
12.0672	0.423798	-0.00439597	0.00722359	-0.00429341	-0.502321
12.2345	0.421959	-0.0173693	0.00652304	-0.0040787	-0.459109
12.4046	0.417971	-0.0293134	0.00584742	-0.00386608	-0.417272
12.572	0.412163	-0.039906	0.00521743	-0.00366308	-0.378095
12.7312	0.405073	-0.0489714	0.00464904	-0.00347593	-0.342613
12.8773	0.397366	-0.0564583	0.00415366	-0.00330995	-0.31158
13.0054	0.389747	-0.0624059	0.00373874	-0.0031688	-0.285494
13.1114	0.382886	-0.0669098	0.00340872	-0.00305525	-0.264702
13.192	0.377363	-0.0700871	0.00316586	-0.00297101	-0.249355
13.2446	0.373628	-0.0720476	0.00301114	-0.00291706	-0.239603
13.2672	0.371988	-0.072866	0.00294535	-0.00289427	-0.235516
13.2672	0.371988	-0.072866	0.00294535	-0.00289427	-0.235516
13.2899	0.370328	-0.0736687	0.00288006	-0.00287178	-0.231386
13.3424	0.366409	-0.0754716	0.0027305	-0.00282025	-0.221948
13.423	0.36022	-0.0780763	0.00250631	-0.00274286	-0.20773
13.5291	0.35177	-0.0812148	0.00222071	-0.00264335	-0.189566
13.6572	0.341146	-0.0845844	0.00188958	-0.00252736	-0.168489
13.8032	0.328546	-0.087888	0.00152983	-0.00240082	-0.145501
13.9625	0.314304	-0.0908703	0.00115803	-0.00226976	-0.121698
14.1298	0.298878	-0.0933458	0.000789065	-0.0021406	-0.0980123
14.2999	0.282832	-0.0952094	0.000435509	-0.00201778	-0.0752361
14.4673	0.266786	-0.0964392	0.000107297	-0.00190576	-0.0540727
14.6266	0.25137	-0.097085	-0.000188262	-0.00180719	-0.0349421
14.7726	0.237176	-0.0972519	-0.000445951	-0.00172334	-0.0182602
14.9007	0.224726	-0.0970803	-0.000662318	-0.00165563	-0.00424168
15.0067	0.214447	-0.0967221	-0.000835087	-0.00160289	0.00700591
15.0874	0.206666	-0.096324	-0.000962753	-0.00156535	0.0152184
15.1399	0.201612	-0.0960074	-0.00104441	-0.00154199	0.0206735
15.1625	0.19944	-0.0958562	-0.0010792	-0.00153117	0.0232942
15.1625	0.19944	-0.0958562	-0.0010792	-0.00153117	0.0232942
15.1852	0.197271	-0.0956977	-0.00111376	-0.00152136	0.0248883
15.2377	0.192252	-0.0952995	-0.00119316	-0.00149974	0.0304927
15.3184	0.184598	-0.0945993	-0.00131253	-0.00146244	0.0383828
15.4244	0.17462	-0.0935333	-0.0014654	-0.00142169	0.0480844
15.5525	0.162733	-0.0920214	-0.00164441	-0.00137219	0.0602905
15.6985	0.149439	-0.0900112	-0.00184073	-0.00131893	0.0729396
15.8578	0.1353	-0.0874923	-0.00204692	-0.00127014	0.0867961
16.0252	0.120904	-0.0844754	-0.00225474	-0.00121318	0.100916
16.1953	0.106821	-0.081052	-0.00245683	-0.00116463	0.114335
16.3626	0.0935613	-0.0773323	-0.00264746	-0.00111014	0.128155
16.5219	0.0815487	-0.0734777	-0.0028195	-0.0010517	0.140058
16.6679	0.0710925	-0.0696917	-0.00296937	-0.000998027	0.151526
16.796	0.0623896	-0.066154	-0.0030929	-0.000927828	0.161592
16.9021	0.0555347	-0.0630957	-0.0031883	-0.000872645	0.168545
16.9827	0.0505456	-0.06068	-0.00325658	-0.000815289	0.176838
17.0352	0.0473992	-0.0590602	-0.00329811	-0.000769435	0.177037
17.0579	0.0460696	-0.0583793	-0.00331553	-0.00077474	0.169208
17.0579	0.0460696	-0.0583793	-0.00331553	-0.00077474	0.169208
17.0805	0.0447556	-0.0576646	-0.00333293	-0.00074978	0.191486
17.1331	0.0417707	-0.0559433	-0.00336935	-0.000654077	0.185315
17.2137	0.0373638	-0.0533963	-0.00342181	-0.000645667	0.189211
17.3197	0.03189	-0.0497761	-0.0034815	-0.000449451	0.206717
17.4478	0.0258004	-0.0453165	-0.00352519	-0.000268881	0.204329
17.5938	0.0195602	-0.0400696	-0.00355043	-1.72925e-05	0.224643
17.7531	0.0136677	-0.0339047	-0.00350999	0.000521498	0.232375
17.9205	0.00853488	-0.0274085	-0.00338339	0.00101223	0.239061
18.0906	0.00446482	-0.020357	-0.0031389	0.00194591	0.258028
18.2579	0.00164537	-0.0134113	-0.00272657	0.00294082	0.244168
18.4172	1.45421e-05	-0.00706364	-0.00218298	0.00395978	0.244886
18.5632	-0.000603334	-0.00157886	-0.00152342	0.00498041	0.200192
18.6913	-0.000577207	0.00168829	-0.000875687	0.00496966	0.116935
18.7974	-0.000311413	0.00309156	-0.000375092	0.00435227	0.0312109
18.878	-7.63753e-05	0.00228544	-8.24161e-05	0.00255524	-0.171503
18.9305	-3.54346e-06	0.000433419	-3.64154e-06	0.000448297	-0.196653
18.9532	-5.52367e-19	9.89048e-18	6.99349e-19	-6.04253e-19	1.04753e-07
