0	-1.94059e-26	4	1.04717	-2.09433	65.6504	
0.0358417	0.150738	4.42187	0.984786	-1.3911	76.5657	
0.119026	0.558891	5.34039	0.928481	-0.041575	55.9744	
0.24661	1.30237	6.27823	1.01727	1.33129	45.0016	
0.414481	2.45176	7.26584	1.33477	2.30713	10.8121	
0.617243	3.80001	5.27849	1.88141	3.20278	-119.192	
0.848377	4.5062	1.37824	2.78965	4.30635	-37.2336	
1.10046	5.0498	4.35753	3.46445	-0.112118	164.112	
1.36538	7.27203	12.4635	2.57091	-5.45076	175.348	
1.63462	11.3114	16.0223	1.38476	-2.48013	-28.5109	
1.89954	15.0035	10.9227	1.06588	-0.764881	-154.181	
2.15162	17.1047	6.50683	0.838226	-0.77622	-54.674	
2.38276	18.3645	4.10143	0.724423	-0.516348	-94.4739	
2.58552	18.8692	1.13627	0.53114	-1.20883	-49.6032	
2.75339	19.0097	0.713367	0.386548	-0.46303	-15.6321	
2.88097	19.052	-0.195445	0.320675	-0.704679	-47.9477	
2.96416	19.0243	-0.26211	0.267911	-0.38323	32.507	
3	19.017	-0.225591	0.258423	-0.229346	-54.7396	
3	19.017	-0.225591	0.258423	-0.229346	-54.7396	
3.03584	19.0045	-0.441989	0.247975	-0.323116	-23.5204	
3.11903	18.96	-0.59662	0.224465	-0.217823	-7.81765	
3.24661	18.8703	-0.838698	0.204468	-0.133771	-15.5285	
3.41448	18.6946	-1.23736	0.180241	-0.144082	-12.4863	
3.61724	18.4079	-1.58098	0.157151	-0.0874682	-10.6531	
3.84838	17.9947	-1.99926	0.135462	-0.110788	-11.3774	
4.10046	17.4415	-2.36029	0.10761	-0.0941404	-7.36162	
4.36538	16.7783	-2.65002	0.0871962	-0.0751533	-7.70019	
4.63462	16.0242	-2.93494	0.0632116	-0.0942327	-5.57271	
4.89954	15.2245	-3.08898	0.0431635	-0.057157	-3.77229	
5.15162	14.4276	-3.23776	0.0275444	-0.0748892	-4.17552	
5.38276	13.6683	-3.31096	0.0105763	-0.0590501	-1.10938	
5.58552	12.9954	-3.33467	0.00118623	-0.0457262	-2.27545	
5.75339	12.4319	-3.3699	-0.00831504	-0.060589	-0.550677	
5.88097	12.0033	-3.346	-0.0143999	-0.0343436	0.21397	
5.96416	11.7249	-3.35422	-0.0175296	-0.0470744	-2.08276	
6	11.6046	-3.35374	-0.019309	-0.0481999	2.17189	
6	11.6046	-3.35374	-0.019309	-0.0481999	2.17189	
6.03584	11.4846	-3.3424	-0.0208505	-0.0396181	0.57855	
6.11903	11.2071	-3.33245	-0.0240611	-0.0391869	-0.00427041	
6.24661	10.7831	-3.31042	-0.0290123	-0.036797	0.766137	
6.41448	10.231	-3.26684	-0.0345675	-0.0304158	1.02908	
6.61724	9.57451	-3.20598	-0.0405032	-0.0279782	1.45642	
6.84838	8.84348	-3.11634	-0.0462269	-0.0211946	1.98869	
7.10046	8.07179	-3.00471	-0.0509261	-0.0169604	2.25272	
7.36538	7.29275	-2.87371	-0.0549469	-0.0127139	2.67575	
7.63462	6.53862	-2.72684	-0.0575879	-0.00750504	2.88053	
7.89954	5.83589	-2.57737	-0.059294	-0.00534697	3.05252	
8.15162	5.20491	-2.42777	-0.0601561	-0.00129171	3.22753	
8.38276	4.65978	-2.28954	-0.0601842	0.000501057	3.21028	
8.58552	4.20785	-2.16775	-0.0599644	0.00213028	3.32259	
8.75339	3.85252	-2.06586	-0.059409	0.00415613	3.27617	
8.88097	3.59378	-1.99033	-0.0588759	0.00420195	3.2656	
8.96416	3.43029	-1.94025	-0.0584884	0.00532196	3.34645	
9	3.36113	-1.91889	-0.0582898	0.00560855	3.19082	
9	3.36113	-1.91889	-0.0582898	0.00560855	3.19082	
9.03584	3.29273	-1.89795	-0.0580911	0.00554544	3.24877	
9.11903	3.13689	-1.84886	-0.0576091	0.00609751	3.26564	
9.24661	2.90578	-1.77427	-0.0567803	0.00682392	3.22355	
9.41448	2.61605	-1.67771	-0.0555749	0.0075553	3.18482	
9.61724	2.28752	-1.56338	-0.0539461	0.00847664	3.11893	
9.84838	1.94085	-1.43706	-0.0518999	0.00918314	3.02487	
10.1005	1.59543	-1.30443	-0.0495	0.00985402	2.9163	
10.3654	1.26763	-1.17143	-0.0468161	0.010347	2.78072	
10.6346	0.969611	-1.04354	-0.0439932	0.0106122	2.63812	
10.8995	0.709027	-0.924956	-0.0411522	0.0108074	2.48922	
11.1516	0.489344	-0.81918	-0.0384281	0.0107777	2.34093	
11.3828	0.310629	-0.728172	-0.0359445	0.0107174	2.20812	
11.5855	0.170673	-0.653078	-0.0337816	0.0105896	2.0854	
11.7534	0.0660163	-0.594286	-0.0320191	0.0104138	1.98864	
11.881	-0.00706038	-0.551549	-0.0306968	0.0103114	1.91425	
11.9642	-0.0518164	-0.524647	-0.0298436	0.0101936	1.8626	
12	-0.0704165	-0.513273	-0.0294792	0.0101475	1.84742	
12	-0.0704165	-0.513273	-0.0294792	0.0101475	1.84742	
12.0358	-0.088611	-0.50202	-0.029116	0.0101129	1.8244	
12.119	-0.129302	-0.47644	-0.0282793	0.0100014	1.77548	
12.2466	-0.187656	-0.438583	-0.0270147	0.00982186	1.70348	
12.4145	-0.25727	-0.391265	-0.0253865	0.00957239	1.60928	
12.6172	-0.331118	-0.337825	-0.0234788	0.00924109	1.49829	
12.8484	-0.402618	-0.28169	-0.0213883	0.00884436	1.37581	
13.1005	-0.466495	-0.226064	-0.0192162	0.008385	1.24716	
13.3654	-0.519301	-0.173593	-0.0170609	0.00788494	1.11864	
13.6346	-0.559531	-0.126204	-0.0150072	0.00736811	0.994945	
13.8995	-0.5874	-0.0850698	-0.0131235	0.00685279	0.880558	
14.1516	-0.604413	-0.0506521	-0.0114573	0.00636806	0.778651	
14.3828	-0.612843	-0.0228759	-0.0100365	0.00592729	0.690932	
14.5855	-0.615251	-0.00129345	-0.00887328	0.00554794	0.618835	
14.7534	-0.6141	0.0147268	-0.00796774	0.0052412	0.562237	
14.881	-0.611503	0.0258382	-0.00731381	0.00501042	0.521213	
14.9642	-0.60907	0.0326107	-0.00690315	0.00486366	0.495503	
15	-0.60785	0.0354167	-0.00672995	0.00480085	0.484406	
15	-0.60785	0.0354167	-0.00672995	0.00480085	0.484406	
15.0358	-0.606532	0.038156	-0.00655901	0.00473801	0.473713	
15.119	-0.603101	0.044264	-0.00617086	0.00459451	0.449214	
15.2466	-0.59689	0.0529705	-0.00559854	0.00437783	0.41287	
15.4145	-0.587116	0.0632602	-0.00488712	0.00409936	0.367508	
15.6172	-0.573168	0.0740295	-0.00408907	0.00377452	0.316299	
15.8484	-0.554835	0.0842581	-0.00325796	0.00341992	0.262554	
16.1005	-0.532427	0.0931488	-0.00244251	0.00305355	0.20936	
16.3654	-0.506767	0.100205	-0.00168198	0.00269197	0.159228	
16.6346	-0.479063	0.105245	-0.00100388	0.00234932	0.114017	
16.8995	-0.450732	0.108358	-0.000423411	0.00203693	0.0748218	
17.1516	-0.423202	0.109836	5.49527e-05	0.00176202	0.0420697	
17.3828	-0.397768	0.11008	0.000434939	0.00152902	0.0156853	
17.5855	-0.375493	0.109528	0.000725518	0.00133946	-0.00478972	
17.7534	-0.357179	0.108593	0.000937935	0.00119283	-0.019956	
17.881	-0.343384	0.107622	0.00108336	0.0010878	-0.0304558	
17.9642	-0.334462	0.106877	0.00117111	0.00102213	-0.036877	
18	-0.330637	0.106531	0.00120724	0.000994374	-0.0395551	
18	-0.330637	0.106531	0.00120724	0.000994374	-0.0395551	
18.0358	-0.326825	0.10617	0.00124239	0.00096676	-0.0422066	
18.119	-0.31803	0.105275	0.00132017	0.000903552	-0.0480328	
18.2466	-0.304694	0.103762	0.00142946	0.000810618	-0.0562705	
18.4145	-0.287458	0.101536	0.00155579	0.000695835	-0.0659997	
18.6172	-0.26717	0.0985361	0.0016837	0.000567717	-0.0761595	
18.8484	-0.244823	0.0947708	0.00179934	0.000435202	-0.0857762	
19.1005	-0.221487	0.0903309	0.00189243	0.000305965	-0.0941076	
19.3654	-0.198206	0.0853856	0.00195727	0.000186226	-0.100673	
19.6346	-0.175916	0.0801605	0.00199282	8.03812e-05	-0.105312	
19.8995	-0.155374	0.0749057	0.00200191	-9.48336e-06	-0.108119	
20.1516	-0.137127	0.0698661	0.00199004	-8.27369e-05	-0.109371	
20.3828	-0.121512	0.0652573	0.0019641	-0.000140346	-0.109473	
20.5855	-0.108687	0.0612522	0.0019311	-0.000184176	-0.108841	
20.7534	-0.0986801	0.0579784	0.00189744	-0.000216175	-0.107873	
20.881	-0.09144	0.0555225	0.00186843	-0.000238382	-0.106908	
20.9642	-0.0868874	0.0539385	0.00184803	-0.000251855	-0.10614	
21	-0.0849663	0.0532607	0.00183891	-0.000257219	-0.10575	
21	-0.0849663	0.0532607	0.00183891	-0.000257219	-0.10575	
21.0358	-0.0830695	0.0525861	0.0018296	-0.000262051	-0.105304	
21.119	-0.0787598	0.0510331	0.00180738	-0.000271934	-0.104355	
21.2466	-0.0723991	0.0486841	0.00177179	-0.000285942	-0.102862	
21.4145	-0.0644815	0.0456579	0.00172236	-0.000302529	-0.10067	
21.6172	-0.0555857	0.0421084	0.00165926	-0.000319257	-0.0977442	
21.8484	-0.0463064	0.0382132	0.00158365	-0.00033425	-0.094091	
22.1005	-0.0371889	0.0341604	0.00149786	-0.000345627	-0.0897856	
22.3654	-0.0286781	0.0301311	0.00140526	-0.000352653	-0.0850065	
22.6346	-0.0210888	0.0262852	0.00130985	-0.000355332	-0.0799555	
22.8995	-0.014599	0.0227506	0.00121581	-0.000354089	-0.0748765	
23.1516	-0.00926362	0.0196181	0.00112701	-0.000350003	-0.0700008	
23.3828	-0.00504197	0.0169429	0.00104677	-0.000343914	-0.0655237	
23.5855	-0.00183134	0.0147499	0.00097773	-0.000336821	-0.0616198	
23.7534	0.000500008	0.0130417	0.000921776	-0.000329575	-0.0584036	
23.881	0.00208461	0.0118078	0.000880134	-0.000323051	-0.0559836	
23.9642	0.00303444	0.0110327	0.000853452	-0.00031845	-0.0544348	
24	0.003424	0.0107059	0.000842074	-0.00031642	-0.0537726	
24	0.003424	0.0107059	0.000842074	-0.00031642	-0.0537726	
24.0358	0.00380191	0.0103826	0.000830763	-0.000314914	-0.0532798	
24.119	0.00463484	0.009647	0.000804666	-0.000312494	-0.0518068	
24.2466	0.00579588	0.00856216	0.000765092	-0.000307731	-0.04951	
24.4145	0.00711868	0.00721191	0.000713959	-0.000301533	-0.0465964	
24.6172	0.00842522	0.00569665	0.000653635	-0.000293193	-0.0430612	
24.8484	0.00955668	0.00411981	0.00058706	-0.000283062	-0.0392054	
25.1005	0.0103967	0.00257489	0.000516973	-0.000272958	-0.0351001	
25.3654	0.0108849	0.00114286	0.000446173	-0.000261546	-0.0309146	
25.6346	0.0110182	-0.000121828	0.000377137	-0.00025163	-0.0268715	
25.8995	0.0108411	-0.00118504	0.000311711	-0.000242086	-0.0229421	
26.1516	0.010432	-0.00203603	0.000251826	-0.000233517	-0.0194101	
26.3828	0.00988387	-0.00268579	0.000198532	-0.000227597	-0.0162133	
26.5855	0.00929031	-0.00315329	0.000153012	-0.000221429	-0.0134607	
26.7534	0.00873331	-0.00347303	0.000116105	-0.000218862	-0.0113615	
26.881	0.00827694	-0.00367441	8.82985e-05	-0.00021638	-0.00951045	
26.9642	0.00796657	-0.00378614	7.04094e-05	-0.000214472	-0.00878178	
27	0.00783002	-0.00383362	6.26832e-05	-0.000217471	-0.00920655	
27	0.00783002	-0.00383362	6.26832e-05	-0.000217471	-0.00920655	
27.0358	0.00769185	-0.00387418	5.48813e-05	-0.000216019	-0.00679015	
27.119	0.00736641	-0.0039502	3.741e-05	-0.000206584	-0.00651026	
27.2466	0.00685509	-0.00406041	1.06301e-05	-0.00021345	-0.00516052	
27.4145	0.00616631	-0.00413098	-2.4378e-05	-0.000199744	-0.00204127	
27.6172	0.00532642	-0.004146	-6.37598e-05	-0.000194692	-0.000532315	
27.8484	0.00437405	-0.00407082	-0.000109129	-0.000191269	0.00321046	
28.1005	0.00337503	-0.0038356	-0.000153243	-0.000160784	0.00620319	
28.3654	0.00240262	-0.0034858	-0.000194512	-0.000149874	0.00909848	
28.6346	0.00153092	-0.0029564	-0.000228098	-8.91773e-05	0.0135633	
28.8995	0.000832213	-0.00230715	-0.000241607	-1.6091e-05	0.0154419	
29.1516	0.000337844	-0.00158887	-0.000234433	9.02461e-05	0.0192845	
29.3828	5.89638e-05	-0.000821548	-0.000194343	0.000256605	0.0198179	
29.5855	-4.48208e-05	-0.000221172	-0.000131229	0.000358547	0.0166241	
29.7534	-4.5853e-05	0.000187261	-6.48752e-05	0.000423213	0.0114084	
29.881	-1.38182e-05	0.000245227	-1.5609e-05	0.000296368	-0.00828277	
29.9642	-6.93816e-07	5.30823e-05	-7.20363e-07	5.57039e-05	-0.014845	
30	-7.06353e-23	-1.66225e-21	-1.99401e-22	1.80366e-21	5.30407e-09	
