0	-0.466667	-2.37275e-27	-2.52798e-25	-1.04717	66.1696	
0.0358417	-0.453808	0.828799	-0.0231065	-0.146711	182.982	
0.119026	-0.28604	3.02375	0.0573288	1.83212	115.559	
0.24661	0.21393	4.69464	0.369401	2.92811	77.6626	
0.414481	1.18838	6.7872	0.953324	3.86506	48.5241	
0.617243	2.52456	5.46743	1.73577	3.87381	-111.396	
0.848377	3.29459	1.71025	2.72828	4.53411	-35.1289	
1.10046	3.93916	4.89684	3.42537	-0.221383	175.768	
1.36538	6.37806	13.4702	2.49769	-5.43079	174.611	
1.63462	10.6017	16.2034	1.35206	-2.36665	-51.5818	
1.89954	14.3001	11.1552	1.02869	-0.788283	-131.056	
2.15162	16.5562	7.27857	0.821914	-0.689821	-59.9004	
2.38276	17.9706	4.82807	0.703718	-0.518069	-76.7916	
2.58552	18.7011	2.56437	0.55977	-0.789999	-45.1327	
2.75339	19.0548	1.71645	0.456986	-0.438655	-31.5549	
2.88097	19.2221	0.869561	0.397414	-0.535639	-38.7131	
2.96416	19.2793	0.589656	0.356596	-0.379357	-6.1553	
3	19.2993	0.492897	0.344683	-0.317331	-39.7247	
3	19.2993	0.492897	0.344683	-0.317331	-39.7247	
3.03584	19.3133	0.304779	0.332594	-0.345242	-26.4281	
3.11903	19.3262	0.0212356	0.305992	-0.285473	-18.931	
3.24661	19.3034	-0.384358	0.274128	-0.229529	-20.2352	
3.41448	19.1947	-0.894394	0.237252	-0.206227	-16.9659	
3.61724	18.9616	-1.39044	0.200499	-0.159548	-14.4234	
3.84838	18.5807	-1.89602	0.165414	-0.14885	-12.8751	
4.10046	18.0443	-2.33653	0.130194	-0.125344	-9.69972	
4.36538	17.3762	-2.69822	0.100461	-0.10548	-8.39218	
4.63462	16.607	-2.99953	0.0722262	-0.100999	-6.2702	
4.89954	15.7845	-3.19682	0.0486219	-0.0777431	-4.55368	
5.15162	14.9594	-3.34447	0.0295443	-0.0765384	-3.77681	
5.38276	14.1757	-3.42529	0.0127905	-0.0639979	-1.95484	
5.58552	13.4775	-3.46113	0.00123024	-0.054509	-1.82386	
5.75339	12.8942	-3.48264	-0.00824078	-0.0558337	-0.769899	
5.88097	12.4503	-3.47366	-0.0145998	-0.0437816	-0.221083	
5.96416	12.1615	-3.47304	-0.0182672	-0.046533	-0.832556	
6	12.037	-3.47056	-0.0199533	-0.0461488	0.732084	
6	12.037	-3.47056	-0.0199533	-0.0461488	0.732084	
6.03584	11.9128	-3.46387	-0.0215288	-0.0424017	0.245467	
6.11903	11.6251	-3.45252	-0.0249572	-0.0406054	0.203624	
6.24661	11.186	-3.42865	-0.0299671	-0.0373841	0.708078	
6.41448	10.614	-3.38523	-0.0357762	-0.0322231	1.08092	
6.61724	9.93388	-3.32056	-0.0418937	-0.0281111	1.53054	
6.84838	9.17663	-3.22901	-0.0477324	-0.0223407	2.01004	
7.10046	8.37695	-3.11345	-0.0527102	-0.0175207	2.36731	
7.36538	7.56981	-2.97747	-0.0567642	-0.0129086	2.73818	
7.63462	6.78823	-2.82666	-0.0595805	-0.00828338	2.98364	
7.89954	6.05986	-2.67102	-0.0613497	-0.00511819	3.16889	
8.15162	5.40587	-2.517	-0.062212	-0.00169855	3.31173	
8.38276	4.84065	-2.37377	-0.062321	0.000526817	3.352	
8.58552	4.37213	-2.24745	-0.0620455	0.00232798	3.41231	
8.75339	4.00366	-2.14257	-0.0615079	0.00394442	3.40081	
8.88097	3.73534	-2.06378	-0.0609633	0.00458458	3.39387	
8.96416	3.5658	-2.01229	-0.0605527	0.0053562	3.41715	
9	3.49408	-1.99023	-0.0603552	0.00561293	3.35959	
9	3.49408	-1.99023	-0.0603552	0.00561293	3.35959	
9.03584	3.42314	-1.96836	-0.0601521	0.00574254	3.37657	
9.11903	3.26151	-1.91757	-0.059653	0.00627281	3.37333	
9.24661	3.0218	-1.84037	-0.0588039	0.00700425	3.34072	
9.41448	2.72128	-1.7403	-0.0575592	0.00781817	3.29714	
9.61724	2.38046	-1.62196	-0.0558801	0.00871546	3.22905	
9.84838	2.02078	-1.49106	-0.0537712	0.00949592	3.13474	
10.1005	1.66236	-1.35366	-0.0512886	0.0101775	3.01967	
10.3654	1.32215	-1.21587	-0.0485195	0.0106844	2.8822	
10.6346	1.0128	-1.08329	-0.0455983	0.0109915	2.73365	
10.8995	0.742265	-0.960417	-0.0426603	0.011163	2.5795	
11.1516	0.514138	-0.850736	-0.0398432	0.0111648	2.42758	
11.3828	0.328521	-0.756389	-0.0372702	0.011091	2.28803	
11.5855	0.183125	-0.678535	-0.0350334	0.0109564	2.16314	
11.7534	0.0743808	-0.617548	-0.0332077	0.0107932	2.0616	
11.881	-0.00156337	-0.57325	-0.0318386	0.0106652	1.98444	
11.9642	-0.0480826	-0.545336	-0.0309557	0.0105576	1.93324	
12	-0.0674165	-0.533538	-0.0305782	0.0105115	1.91372	
12	-0.0674165	-0.533538	-0.0305782	0.0105115	1.91372	
12.0358	-0.08633	-0.521874	-0.0302022	0.0104688	1.89154	
12.119	-0.128633	-0.49534	-0.029336	0.0103563	1.84171	
12.2466	-0.189307	-0.456068	-0.0280263	0.0101731	1.76677	
12.4145	-0.261707	-0.406983	-0.0263399	0.00991458	1.66936	
12.6172	-0.338536	-0.351535	-0.0243636	0.0095755	1.55442	
12.8484	-0.412957	-0.293289	-0.0221974	0.00916452	1.42746	
13.1005	-0.479488	-0.235559	-0.0199464	0.00869084	1.29427	
13.3654	-0.534542	-0.181095	-0.0177121	0.00817459	1.161	
13.6346	-0.576543	-0.1319	-0.015583	0.00763932	1.03283	
13.8995	-0.605708	-0.0891878	-0.0136296	0.00710768	0.914247	
14.1516	-0.623588	-0.0534452	-0.0119014	0.00660508	0.808516	
14.3828	-0.632537	-0.0245937	-0.0104275	0.00614926	0.717615	
14.5855	-0.635207	-0.00217172	-0.00922062	0.00575652	0.642748	
14.7534	-0.634151	0.0144732	-0.00828107	0.00543802	0.584079	
14.881	-0.631558	0.0260207	-0.00760251	0.00519969	0.541524	
14.9642	-0.629098	0.0330589	-0.00717635	0.00504703	0.514754	
15	-0.62786	0.0359751	-0.00699662	0.00498175	0.503361	
15	-0.62786	0.0359751	-0.00699662	0.00498175	0.503361	
15.0358	-0.62652	0.0388224	-0.00681924	0.00491668	0.492192	
15.119	-0.623024	0.0451707	-0.00641647	0.00476732	0.466738	
15.2466	-0.616675	0.054221	-0.00582266	0.00454206	0.429057	
15.4145	-0.606656	0.0649199	-0.00508455	0.00425309	0.382002	
15.6172	-0.592326	0.0761213	-0.00425658	0.00391607	0.328885	
15.8484	-0.57346	0.0867659	-0.00339427	0.00354849	0.273139	
16.1005	-0.550372	0.0960254	-0.00254812	0.00316867	0.217949	
16.3654	-0.523908	0.103383	-0.00175888	0.00279377	0.16594	
16.6346	-0.495316	0.108649	-0.00105508	0.00243854	0.119025	
16.8995	-0.466061	0.111915	-0.000452537	0.00211448	0.0783476	
17.1516	-0.437623	0.113481	4.40649e-05	0.00182931	0.0443563	
17.3828	-0.411341	0.113764	0.00043857	0.00158742	0.0169606	
17.5855	-0.388318	0.113217	0.000740225	0.00139036	-0.00430014	
17.7534	-0.369386	0.112266	0.00096068	0.00123769	-0.0200582	
17.881	-0.355124	0.111273	0.00111153	0.00112795	-0.030977	
17.9642	-0.345898	0.110511	0.00120249	0.00105922	-0.0376331	
18	-0.341944	0.110155	0.00123993	0.00103026	-0.0403938	
18	-0.341944	0.110155	0.00123993	0.00103026	-0.0403938	
18.0358	-0.338002	0.109785	0.00127634	0.00100164	-0.0430986	
18.119	-0.328907	0.108867	0.00135694	0.000936594	-0.0491068	
18.2466	-0.315115	0.107314	0.00147028	0.000840915	-0.0576501	
18.4145	-0.297289	0.105026	0.00160139	0.000722462	-0.0677374	
18.6172	-0.276301	0.10194	0.00173427	0.000590187	-0.0782773	
18.8484	-0.25318	0.0980633	0.00185458	0.000453216	-0.0882649	
19.1005	-0.22903	0.0934884	0.00195165	0.000319665	-0.0969213	
19.3654	-0.204933	0.0883897	0.00201959	0.000196009	-0.103759	
19.6346	-0.181857	0.0829995	0.0020573	8.66899e-05	-0.108607	
19.8995	-0.160585	0.0775762	0.00206767	-6.01585e-06	-0.111562	
20.1516	-0.141685	0.0723727	0.00205638	-8.15802e-05	-0.112913	
20.3828	-0.125508	0.0676119	0.00203049	-0.0001409	-0.113063	
20.5855	-0.112219	0.0634734	0.00199727	-0.000185734	-0.112447	
20.7534	-0.101849	0.0600899	0.00196332	-0.000218125	-0.11147	
20.881	-0.0943445	0.0575513	0.00193406	-0.000240115	-0.110477	
20.9642	-0.0896253	0.0559137	0.00191353	-0.000253269	-0.109714	
21	-0.0876338	0.0552128	0.00190436	-0.00025861	-0.109352	
21	-0.0876338	0.0552128	0.00190436	-0.00025861	-0.109352	
21.0358	-0.0856674	0.0545149	0.001895	-0.000263716	-0.108973	
21.119	-0.0811996	0.0529068	0.00187259	-0.00027487	-0.108067	
21.2466	-0.0746052	0.0504736	0.0018365	-0.000290534	-0.106557	
21.4145	-0.0663965	0.0473377	0.00178618	-0.000308567	-0.104341	
21.6172	-0.0571733	0.0436577	0.00172172	-0.000326603	-0.101366	
21.8484	-0.0475528	0.0396172	0.0016443	-0.000342532	-0.0976371	
22.1005	-0.0381008	0.0354104	0.00155631	-0.000354743	-0.0932433	
22.3654	-0.0292797	0.031225	0.00146119	-0.000362532	-0.0883509	
22.6346	-0.0214166	0.0272269	0.00136304	-0.000365834	-0.0831748	
22.8995	-0.0146964	0.0235494	0.00126612	-0.000365267	-0.077963	
23.1516	-0.00917604	0.0202876	0.00117442	-0.000361801	-0.0729488	
23.3828	-0.00481277	0.0174998	0.00109138	-0.00035648	-0.0683476	
23.5855	-0.00149887	0.0152124	0.00101969	-0.000350459	-0.0643334	
23.7534	0.000903781	0.0134292	0.000961342	-0.000344561	-0.0610332	
23.881	0.00253428	0.01214	0.000917693	-0.000339631	-0.058556	
23.9642	0.00351027	0.0113298	0.00088958	-0.000336256	-0.0569437	
24	0.00391022	0.0109881	0.000877556	-0.00033467	-0.0562332	
24	0.00391022	0.0109881	0.000877556	-0.00033467	-0.0562332	
24.0358	0.00429799	0.0106506	0.000865587	-0.000333286	-0.0556296	
24.119	0.00515189	0.00988364	0.000837982	-0.000330306	-0.0540252	
24.2466	0.00634019	0.00875326	0.000796192	-0.000324747	-0.0516136	
24.4145	0.0076903	0.00734707	0.000742254	-0.000317965	-0.048538	
24.6172	0.00901793	0.00577049	0.00067866	-0.000309041	-0.0448134	
24.8484	0.0101591	0.00413159	0.000608472	-0.000298505	-0.0407483	
25.1005	0.0109946	0.00252859	0.000534555	-0.000287857	-0.0364085	
25.3654	0.0114636	0.00104607	0.000459898	-0.000275771	-0.031989	
25.6346	0.0115651	-0.000259336	0.000387128	-0.000265109	-0.0277108	
25.8995	0.0113474	-0.00135243	0.000318255	-0.000254594	-0.0235596	
26.1516	0.0108934	-0.00222316	0.000255336	-0.000245081	-0.0198314	
26.3828	0.0103007	-0.00288385	0.000199486	-0.000238088	-0.0164543	
26.5855	0.00966646	-0.00335543	0.000151963	-0.000230646	-0.013551	
26.7534	0.00907551	-0.00367483	0.000113617	-0.000226719	-0.0113255	
26.881	0.00859354	-0.00387354	8.48972e-05	-0.000222756	-0.00937085	
26.9642	0.00826671	-0.00398246	6.6526e-05	-0.000219679	-0.00858997	
27	0.00812316	-0.00402856	5.86219e-05	-0.000222201	-0.0090045	
27	0.00812316	-0.00402856	5.86219e-05	-0.000222201	-0.0090045	
27.0358	0.00797802	-0.00406769	5.06582e-05	-0.000220333	-0.00658732	
27.119	0.00763661	-0.00414073	3.28482e-05	-0.000210564	-0.00634413	
27.2466	0.00710125	-0.00424653	5.54575e-06	-0.00021763	-0.00495934	
27.4145	0.00638184	-0.0043095	-3.013e-05	-0.000203419	-0.00176866	
27.6172	0.00550681	-0.00431398	-7.02101e-05	-0.000198042	-0.000231495	
27.8484	0.00451716	-0.00422492	-0.000116323	-0.000194173	0.00359128	
28.1005	0.00348153	-0.00397173	-0.000161026	-0.000162641	0.0066306	
28.3654	0.00247568	-0.00360179	-0.000202722	-0.00015121	0.00956998	
28.6346	0.00157582	-0.00304912	-0.000236463	-8.87693e-05	0.014106	
28.8995	0.000855746	-0.00237578	-0.000249615	-1.39158e-05	0.0159855	
29.1516	0.000347012	-0.00163382	-0.000241624	9.49913e-05	0.0198855	
29.3828	6.04041e-05	-0.000843706	-0.00019998	0.000265232	0.0203839	
29.5855	-4.61149e-05	-0.000226668	-0.000134895	0.000369155	0.0170732	
29.7534	-4.71075e-05	0.000192588	-6.6645e-05	0.000434969	0.0117037	
29.881	-1.41903e-05	0.000251867	-1.60293e-05	0.000304385	-0.00851421	
29.9642	-7.12372e-07	5.45033e-05	-7.39629e-07	5.71951e-05	-0.0152433	
30	-4.05719e-20	-4.93169e-22	-1.82341e-22	4.50514e-21	5.44557e-09	
