0	-0.466667	-4.43352e-16	1.0517e-16	3.1415	-138.017
0.0358417	-0.486809	-1.22546	0.087628	1.67665	-245.174
0.119026	-0.718768	-4.12631	0.0954777	-1.1514	-158.868
0.24661	-1.41067	-6.5613	-0.178102	-2.93376	-109.01
0.414481	-2.75162	-9.14208	-0.797387	-4.1448	-48.9101
0.617243	-4.51337	-7.10624	-1.59345	-3.69247	147.457
0.848377	-5.50973	-2.1165	-2.55106	-4.65593	58.5377
1.10046	-6.16317	-4.64707	-3.38901	-0.575103	-164.783
1.36538	-8.49742	-13.0458	-2.59064	5.37225	-178.944
1.63462	-12.653	-16.1034	-1.40679	2.50966	49.5823
1.89954	-16.2834	-10.5776	-1.07353	0.79615	150.315
2.15162	-18.3164	-6.21063	-0.852197	0.760083	63.0981
2.38276	-19.47	-3.57648	-0.722583	0.598549	88.6496
2.58552	-19.9052	-0.956455	-0.541072	1.04247	47.5387
2.75339	-20.0	-0.294379	-0.408814	0.510686	23.1329
2.88097	-19.9916	0.499435	-0.341993	0.613582	39.1414
2.96416	-19.9372	0.688487	-0.295458	0.405914	-7.12534
3	-19.9126	0.730176	-0.283407	0.312454	40.6651
3	-19.9126	0.730176	-0.283407	0.312454	40.6651
3.03584	-19.883	0.907497	-0.271167	0.353723	22.7979
3.11903	-19.7979	1.11636	-0.244515	0.274491	13.2051
3.24661	-19.6371	1.41715	-0.21546	0.20306	16.2296
3.41448	-19.3641	1.81994	-0.182659	0.18301	13.1836
3.61724	-18.9565	2.18771	-0.151231	0.130759	10.9794
3.84838	-18.4054	2.57667	-0.122122	0.127826	10.225
4.10046	-17.7117	2.90359	-0.0915586	0.106701	7.0305
4.36538	-16.9084	3.15682	-0.0669946	0.0872837	6.30135
4.63462	-16.0276	3.37071	-0.0426005	0.0893592	4.35879
4.89954	-15.1183	3.48245	-0.022469	0.0628754	2.75091
5.15162	-14.2298	3.56537	-0.00671901	0.0664089	2.41977
5.38276	-13.4012	3.59057	0.00788984	0.0534267	0.412709
5.58552	-12.6745	3.58018	0.0170221	0.0430523	0.713769
5.75339	-12.0737	3.57263	0.0249759	0.048195	-0.399907
5.88097	-11.62	3.53705	0.0301657	0.0329584	-0.94375
5.96416	-11.3264	3.52449	0.0330023	0.0384086	0.139795
6	-11.2002	3.51664	0.0344179	0.0385302	-2.07841
6	-11.2002	3.51664	0.0344179	0.0385302	-2.07841
6.03584	-11.0744	3.50302	0.0356956	0.0336898	-1.29962
6.11903	-10.784	3.47902	0.0384126	0.0324667	-1.08331
6.24661	-10.3427	3.43678	0.0424364	0.0297912	-1.59441
6.41448	-9.77126	3.37049	0.0469676	0.0247436	-1.86524
6.61724	-9.09663	3.28198	0.0516632	0.0215253	-2.22372
6.84838	-8.35116	3.16615	0.0560196	0.0160256	-2.62536
7.10046	-7.57022	3.0285	0.059477	0.0118942	-2.86772
7.36538	-6.78817	2.87356	0.0621419	0.00791826	-3.16345
7.63462	-6.03677	2.70706	0.0636552	0.00367163	-3.31764
7.89954	-5.34168	2.53996	0.0643033	0.00124303	-3.42759
8.15162	-4.72184	2.3775	0.0642296	-0.00190144	-3.51691
8.38276	-4.18953	2.22892	0.0635534	-0.0036449	-3.49193
8.58552	-3.75071	2.09947	0.06269	-0.00509412	-3.5249
8.75339	-3.40725	1.9928	0.0616957	-0.00657091	-3.474
8.88097	-3.15807	1.91343	0.060837	-0.00688477	-3.44447
8.96416	-3.00106	1.86163	0.0602376	-0.00763203	-3.46888
9	-2.93473	1.83952	0.0599588	-0.00784902	-3.38107
9	-2.93473	1.83952	0.0599588	-0.00784902	-3.38107
9.03584	-2.86919	1.81768	0.0596774	-0.0078834	-3.40287
9.11903	-2.7201	1.76697	0.0590049	-0.00831267	-3.39238
9.24661	-2.49957	1.69021	0.0579051	-0.0088853	-3.33957
9.41448	-2.22417	1.59129	0.0563636	-0.00948116	-3.27562
9.61724	-1.91337	1.475	0.0543695	-0.0101608	-3.1847
9.84838	-1.58731	1.34731	0.0519561	-0.0106869	-3.06717
10.1005	-1.26459	1.21425	0.0492043	-0.0111314	-2.93214
10.3654	-0.960626	1.0818	0.0462123	-0.0114126	-2.77634
10.6346	-0.686567	0.955305	0.0431246	-0.0115076	-2.61387
10.8995	-0.449087	0.838884	0.0400727	-0.0115091	-2.44914
11.1516	-0.250786	0.735668	0.0371883	-0.0113551	-2.28952
11.3828	-0.0910631	0.647416	0.0345854	-0.0111649	-2.14583
11.5855	0.032786	0.574988	0.0323428	-0.0109387	-2.01783
11.7534	0.124527	0.518523	0.0305264	-0.0107032	-1.91541
11.881	0.188056	0.477653	0.0291715	-0.0105337	-1.83787
11.9642	0.226716	0.451976	0.0283009	-0.0103945	-1.78612
12	0.242721	0.441138	0.0279294	-0.0103366	-1.76758
12	0.242721	0.441138	0.0279294	-0.0103366	-1.76758
12.0358	0.25834	0.430431	0.0275598	-0.0102845	-1.74505
12.119	0.293129	0.406116	0.0267099	-0.0101466	-1.69525
12.2466	0.342635	0.370228	0.0254294	-0.00992709	-1.62103
12.4145	0.400996	0.325548	0.0237879	-0.00962594	-1.52489
12.6172	0.461845	0.275332	0.0218749	-0.00924082	-1.41219
12.8484	0.519328	0.222902	0.0197912	-0.00878693	-1.28859
13.1005	0.568895	0.171309	0.0176404	-0.00827553	-1.15982
13.3654	0.607753	0.123029	0.0155203	-0.00772962	-1.03197
13.6346	0.634932	0.0798143	0.0135139	-0.00717387	-0.909876
13.8995	0.651043	0.0426681	0.0116856	-0.00662972	-0.797723
14.1516	0.657832	0.0119154	0.0100786	-0.00612244	-0.698405
14.3828	0.657685	-0.0126286	0.0087163	-0.00566718	-0.613511
14.5855	0.653172	-0.0314848	0.0076068	-0.00527879	-0.544015
14.7534	0.646703	-0.0453284	0.00674695	-0.00496658	-0.489778
14.881	0.640304	-0.0548375	0.00612818	-0.00473423	-0.450598
14.9642	0.635501	-0.0605887	0.00574053	-0.00458635	-0.42602
15	0.633286	-0.0629605	0.00557728	-0.00452313	-0.415508
15	0.633286	-0.0629605	0.00557728	-0.00452313	-0.415508
15.0358	0.630988	-0.065269	0.0054163	-0.0044599	-0.405244
15.119	0.625344	-0.0703898	0.00505136	-0.00431478	-0.38191
15.2466	0.615894	-0.0776192	0.00451485	-0.00409644	-0.347475
15.4145	0.602141	-0.086035	0.00385073	-0.00381741	-0.304637
15.6172	0.583795	-0.0946464	0.00310978	-0.00349353	-0.256522
15.8484	0.560968	-0.102557	0.00234328	-0.00314226	-0.206331
16.1005	0.534249	-0.109089	0.00159714	-0.00278148	-0.156993
16.3654	0.504673	-0.113857	0.000907717	-0.00242764	-0.110877
16.6346	0.473585	-0.116764	0.000299518	-0.00209458	-0.0696588
16.8995	0.442458	-0.117966	-0.000214836	-0.00179274	-0.0342813
17.1516	0.412719	-0.117788	-0.000633012	-0.00152883	-0.0050419
17.3828	0.385609	-0.116649	-0.000960308	-0.0013063	0.0182541
17.5855	0.362116	-0.114985	-0.00120666	-0.00112594	0.0361231
17.7534	0.342959	-0.113198	-0.00138386	-0.00098672	0.0492216
17.881	0.328615	-0.11162	-0.00150333	-0.000886863	0.0582078
17.9642	0.319377	-0.110498	-0.00157449	-0.000824419	0.063642
18	0.315425	-0.109993	-0.00160357	-0.000798124	0.0658856
18	0.315425	-0.109993	-0.00160357	-0.000798124	0.0658856
18.0358	0.311492	-0.109476	-0.00163171	-0.000772243	0.0680488
18.119	0.302437	-0.108232	-0.0016935	-0.000713801	0.0728655
18.2466	0.288756	-0.106209	-0.00177905	-0.000628102	0.0796697
18.4145	0.271163	-0.10336	-0.00187551	-0.000522371	0.0875721
18.6172	0.250574	-0.0996766	-0.00196934	-0.000404989	0.0956359
18.8484	0.228046	-0.0952183	-0.00204873	-0.000284254	0.103012
19.1005	0.204682	-0.0901207	-0.00210536	-0.000167601	0.109062
19.3654	0.181537	-0.0845859	-0.00213527	-6.07416e-05	0.113428
19.6346	0.159532	-0.0788587	-0.00213873	3.25754e-05	0.116026
19.8995	0.139391	-0.0731968	-0.00211948	0.000110562	0.117013
20.1516	0.121616	-0.0678417	-0.00208349	0.000173137	0.116704
20.3828	0.106497	-0.0629992	-0.00203774	0.000221373	0.115503
20.5855	0.094147	-0.0588288	-0.00198913	0.000257114	0.113827
20.7534	0.0845564	-0.055444	-0.00194379	0.000282412	0.112054
20.881	0.0776442	-0.0529184	-0.00190667	0.000299214	0.110504
20.9642	0.0733098	-0.0512953	-0.00188136	0.00030911	0.109404
21	0.0714837	-0.050602	-0.00187021	0.0003131	0.108905
21	0.0714837	-0.050602	-0.00187021	0.0003131	0.108905
21.0358	0.0696825	-0.0499124	-0.00185892	0.00031691	0.108397
21.119	0.0655966	-0.0483266	-0.00183221	0.000325194	0.107186
21.2466	0.059584	-0.0459352	-0.00178998	0.000336554	0.105226
21.4145	0.0521316	-0.0428676	-0.00173239	0.000349078	0.102473
21.6172	0.043805	-0.0392877	-0.00166036	0.000360814	0.0989262
21.8484	0.0351793	-0.0353816	-0.00157581	0.000370065	0.0946413
22.1005	0.0267745	-0.0313418	-0.00148173	0.00037566	0.0897511
22.3654	0.019006	-0.0273497	-0.00138191	0.000377233	0.0844473
22.6346	0.0121581	-0.0235622	-0.00128057	0.00037495	0.0789584
22.8995	0.00638028	-0.0201012	-0.00118189	0.00036959	0.0735308
23.1516	0.00170261	-0.0170508	-0.00108962	0.000362162	0.0683862
23.3828	-0.00193511	-0.0144587	-0.00100686	0.000353715	0.0637233
23.5855	-0.00464983	-0.0123431	-0.000935973	0.000345343	0.0596939
23.7534	-0.00658269	-0.0107012	-0.000878628	0.000337758	0.0564065
23.881	-0.00787195	-0.00951855	-0.00083592	0.00033172	0.0539533
23.9642	-0.00863275	-0.00877725	-0.000808492	0.000327684	0.0523584
24	-0.00894173	-0.00846514	-0.000796781	0.000325806	0.0516535
24	-0.00894173	-0.00846514	-0.000796781	0.000325806	0.0516535
24.0358	-0.00923961	-0.00815712	-0.000785135	0.000324125	0.0510593
24.119	-0.00988893	-0.00745828	-0.000758321	0.000320465	0.0494789
24.2466	-0.0107744	-0.00643126	-0.000717849	0.000313939	0.0471159
24.4145	-0.011746	-0.0051587	-0.000665819	0.000306073	0.0441171
24.6172	-0.0126459	-0.00373956	-0.000604754	0.000296018	0.0405001
24.8484	-0.0133379	-0.00227416	-0.000537701	0.00028445	0.0365801
25.1005	-0.0137281	-0.000852388	-0.00046744	0.000272933	0.0324147
25.3654	-0.0137773	0.000449276	-0.00039684	0.00026011	0.0281972
25.6346	-0.0134997	0.00158178	-0.000328352	0.000249016	0.0241435
25.8995	-0.012953	0.00251591	-0.000263771	0.000238318	0.0202209
26.1516	-0.0122236	0.00324594	-0.000204955	0.000228853	0.0167209
26.3828	-0.0114085	0.00378688	-0.000152823	0.00022218	0.0135553
26.5855	-0.0106012	0.00416061	-0.000108486	0.000215152	0.0108369
26.7534	-0.00988154	0.00440414	-7.26982e-05	0.00021177	0.00876821
26.881	-0.00931003	0.00454823	-4.58539e-05	0.000208307	0.00692438
26.9642	-0.00892851	0.00462294	-2.86699e-05	0.000205619	0.00623177
27	-0.00876226	0.00465478	-2.12647e-05	0.000208455	0.00670851
27	-0.00876226	0.00465478	-2.12647e-05	0.000208455	0.00670851
27.0358	-0.00859493	0.00467972	-1.37893e-05	0.00020677	0.00425807
27.119	-0.00820397	0.00472019	2.89487e-06	0.000197102	0.00409258
27.2466	-0.00759775	0.00477837	2.85188e-05	0.000204775	0.00281033
27.4145	-0.00679414	0.00478129	6.20544e-05	0.000190649	-0.000287356
27.6172	-0.00583041	0.00471813	9.95586e-05	0.000185554	-0.00165384
27.8484	-0.00475561	0.00455844	0.000142848	0.000182048	-0.00533933
28.1005	-0.00364497	0.00423467	0.000184442	0.00015015	-0.00820423
28.3654	-0.00257827	0.00379973	0.00022288	0.000139173	-0.0109442
28.6346	-0.00163311	0.00318887	0.000253361	7.63669e-05	-0.0153278
28.8995	-0.000882727	0.00246639	0.00026315	1.09556e-06	-0.0170021
29.1516	-0.000356182	0.00168556	0.000251894	-0.000108332	-0.0207553
29.3828	-6.12086e-05	0.000865549	0.000206996	-0.000279932	-0.0210676
29.5855	4.77241e-05	0.000229972	0.000138954	-0.000383314	-0.0175204
29.7534	4.83845e-05	-0.000198884	6.84265e-05	-0.000447708	-0.0119289
29.881	1.45455e-05	-0.000258331	1.643e-05	-0.000312163	0.00876709
29.9642	7.29669e-07	-5.58318e-05	7.57587e-07	-5.85889e-05	0.0156183
30	4.88743e-19	-6.72996e-18	-3.67877e-19	9.17869e-20	-5.57654e-09
