0	-0.7	-4.0	-1.04717	1.04717	-39.5287
0.0358417	-0.845316	-4.06943	-1.01761	0.629358	2.12716
0.119026	-1.18509	-4.169	-0.99896	-0.185788	-23.915
0.24661	-1.74856	-4.55606	-1.09333	-1.18529	4.2745
0.414481	-2.44213	-3.46903	-1.34395	-1.73927	54.7085
0.617243	-3.00153	-2.28207	-1.76078	-2.40077	17.2968
0.848377	-3.416	-1.00327	-2.42603	-3.40715	60.3957
1.10046	-3.34167	1.24823	-3.34755	-3.30037	11.1636
1.36538	-3.32582	-2.53062	-3.61552	2.00988	-176.709
1.63462	-5.15945	-10.9299	-2.41235	5.60774	-160.733
1.89954	-8.57567	-13.3301	-1.30075	2.30165	47.8585
2.15162	-11.4432	-8.88146	-0.982927	0.886892	126.746
2.38276	-13.0322	-5.3502	-0.758423	0.889289	56.168
2.58552	-13.9443	-3.59181	-0.624216	0.572112	63.4464
2.75339	-14.3955	-1.86854	-0.502078	0.833011	44.5947
2.88097	-14.5952	-1.36694	-0.415076	0.479857	18.5878
2.96416	-14.692	-0.879599	-0.376943	0.515966	48.6436
3	-14.7193	-0.68644	-0.35772	0.51608	1.90789
3	-14.7193	-0.68644	-0.35772	0.51608	1.90789
3.03584	-14.743	-0.622252	-0.34143	0.410572	18.134
3.11903	-14.7821	-0.302537	-0.30991	0.366242	24.8255
3.24661	-14.791	0.136467	-0.265904	0.311801	17.9161
3.41448	-14.73	0.583434	-0.221595	0.228382	16.125
3.61724	-14.56	1.0781	-0.178356	0.200685	13.5734
3.84838	-14.26	1.49255	-0.138053	0.14472	9.71582
4.10046	-13.8374	1.85458	-0.106333	0.11726	8.74097
4.36538	-13.3031	2.15836	-0.0765036	0.101782	5.98794
4.63462	-12.6935	2.36033	-0.0538673	0.071118	4.7131
4.89954	-12.0448	2.53059	-0.0348258	0.0737704	3.78051
5.15162	-11.3939	2.61971	-0.0183142	0.0529902	1.9183
5.38276	-10.7823	2.67471	-0.00729707	0.04895	2.11395
5.58552	-10.2359	2.70564	0.00305218	0.0473616	0.540067
5.75339	-9.78236	2.69806	0.00950173	0.0326736	0.559508
5.88097	-9.43777	2.70389	0.0141401	0.0405534	0.464718
5.96416	-9.21324	2.69072	0.0172685	0.0315889	-1.00976
6	-9.11692	2.68553	0.0183321	0.0297262	0.932176
6	-9.11692	2.68553	0.0183321	0.0297262	0.932176
6.03584	-9.02066	2.6849	0.0194659	0.0326617	0.0216064
6.11903	-8.79779	2.67254	0.022105	0.0300105	-0.565924
6.24661	-8.45829	2.64928	0.0256809	0.0268592	-0.62727
6.41448	-8.01645	2.61298	0.0300311	0.0245193	-1.01853
6.61724	-7.49223	2.55599	0.034485	0.0195723	-1.36092
6.84838	-6.9099	2.4813	0.0386209	0.0164953	-1.63553
7.10046	-6.29601	2.387	0.0422908	0.0123196	-1.98546
7.36538	-5.67805	2.27712	0.0449998	0.00858594	-2.1783
7.63462	-5.08075	2.15834	0.0469801	0.00594768	-2.38638
7.89954	-4.52528	2.03433	0.0480922	0.00256624	-2.5204
8.15162	-4.02758	1.91429	0.0485032	0.000878726	-2.57373
8.38276	-3.59802	1.80221	0.0484926	-0.00116981	-2.65702
8.58552	-3.24263	1.70357	0.0480808	-0.0026183	-2.6318
8.75339	-2.96343	1.62282	0.047597	-0.00327639	-2.65581
8.88097	-2.76032	1.56112	0.0471074	-0.00438162	-2.64945
8.96416	-2.63211	1.52168	0.0467327	-0.00451844	-2.5973
9	-2.57787	1.50469	0.0465695	-0.00465985	-2.66605
9	-2.57787	1.50469	0.0465695	-0.00465985	-2.66605
9.03584	-2.52425	1.48758	0.0463964	-0.00496403	-2.63052
9.11903	-2.40214	1.44839	0.045968	-0.00530373	-2.60227
9.24661	-2.22115	1.38887	0.0452604	-0.00580933	-2.5849
9.41448	-1.99449	1.31173	0.0442283	-0.00645399	-2.54222
9.61724	-1.73779	1.22081	0.0428596	-0.00703064	-2.48413
9.84838	-1.46729	1.12033	0.0411636	-0.00762903	-2.40909
10.1005	-1.19824	1.01513	0.0391784	-0.00808241	-2.31214
10.3654	-0.943377	0.909875	0.036992	-0.00841367	-2.20473
10.6346	-0.712149	0.808732	0.0346925	-0.0086359	-2.08542
10.8995	-0.510413	0.715267	0.0323953	-0.00868993	-1.96367
11.1516	-0.340729	0.631922	0.0302036	-0.00868917	-1.8462
11.3828	-0.203028	0.560383	0.0282045	-0.00858973	-1.73499
11.5855	-0.0954382	0.501445	0.0264763	-0.00845976	-1.64018
11.7534	-0.0151671	0.455302	0.0250656	-0.00833759	-1.55999
11.881	0.040774	0.421861	0.0240102	-0.00820439	-1.50016
11.9642	0.0749855	0.400775	0.0233309	-0.00813115	-1.46305
12	0.08919	0.39187	0.0230401	-0.00809467	-1.44375
12	0.08919	0.39187	0.0230401	-0.00809467	-1.44375
12.0358	0.103077	0.383078	0.0227507	-0.00805106	-1.42831
12.119	0.134107	0.363068	0.0220848	-0.00795923	-1.39067
12.2466	0.178527	0.333477	0.0210788	-0.0078094	-1.33249
12.4145	0.231376	0.296535	0.0197855	-0.00759705	-1.25767
12.6172	0.287223	0.254854	0.0182722	-0.00732664	-1.16938
12.8484	0.341001	0.211146	0.0166165	-0.00699727	-1.07192
13.1005	0.388682	0.167906	0.0148995	-0.00662351	-0.970142
13.3654	0.427667	0.127199	0.0131982	-0.00621828	-0.868269
13.6346	0.456874	0.0905203	0.0115804	-0.00579861	-0.77063
13.8995	0.476556	0.0587554	0.0100989	-0.00538606	-0.680448
14.1516	0.487953	0.0322503	0.00879052	-0.00499505	-0.60012
14.3828	0.492889	0.0109164	0.00767685	-0.00464284	-0.531302
14.5855	0.493393	-0.00561459	0.00676628	-0.00433953	-0.474559
14.7534	0.491405	-0.0178507	0.00605858	-0.00409296	-0.430267
14.881	0.48858	-0.0263199	0.00554809	-0.00390986	-0.398138
14.9642	0.486175	-0.0314707	0.00522778	-0.00379139	-0.377844
15	0.485008	-0.0336025	0.0050928	-0.00374086	-0.36939
15	0.485008	-0.0336025	0.0050928	-0.00374086	-0.36939
15.0358	0.483767	-0.0356829	0.00495962	-0.00369091	-0.360949
15.119	0.480604	-0.0403155	0.00465738	-0.00357606	-0.341779
15.2466	0.475033	-0.0469052	0.0042122	-0.00340329	-0.313458
15.4145	0.466494	-0.0546684	0.00365954	-0.00318219	-0.278112
15.6172	0.454566	-0.0627552	0.00304061	-0.00292461	-0.238273
15.8484	0.439148	-0.0703845	0.0023973	-0.00264436	-0.196548
16.1005	0.420542	-0.076951	0.0017675	-0.00235543	-0.155322
16.3654	0.399438	-0.0820843	0.00118163	-0.00207083	-0.116567
16.6346	0.376821	-0.085658	0.000660735	-0.00180184	-0.0817028
16.8995	0.353822	-0.0877563	0.000216249	-0.00155706	-0.051562
17.1516	0.33157	-0.0886148	-0.000148818	-0.00134232	-0.0264545
17.3828	0.311081	-0.0885533	-0.0004378	-0.00116062	-0.00627503
17.5855	0.293182	-0.0879159	-0.000657971	-0.00101293	0.00933336
17.7534	0.278494	-0.0870249	-0.000818339	-0.000898905	0.0208687
17.881	0.267445	-0.0861505	-0.000927759	-0.000817015	0.0288538
17.9642	0.260305	-0.0854965	-0.00099358	-0.000765828	0.0336893
18	0.257246	-0.0851957	-0.00102064	-0.000744438	0.0356657
18	0.257246	-0.0851957	-0.00102064	-0.000744438	0.0356657
18.0358	0.254198	-0.0848837	-0.00104695	-0.000723416	0.0376338
18.119	0.247169	-0.0841181	-0.00110513	-0.000675621	0.0420062
18.2466	0.236517	-0.0828381	-0.0011868	-0.000605202	0.048224
18.4145	0.222764	-0.0809774	-0.00128097	-0.000517809	0.0555522
18.6172	0.206593	-0.0784976	-0.00137592	-0.000420179	0.0631804
18.8484	0.188801	-0.0754133	-0.00146117	-0.000319232	0.0703745
19.1005	0.170241	-0.0718033	-0.00152901	-0.000221074	0.076566
19.3654	0.151745	-0.0678055	-0.00157531	-0.000130549	0.0814088
19.6346	0.134052	-0.0635994	-0.00159946	-5.08392e-05	0.0847893
19.8995	0.117761	-0.0593827	-0.00160379	1.64169e-05	0.0867876
20.1516	0.1033	-0.0553471	-0.00159259	7.10086e-05	0.0876307
20.3828	0.090934	-0.0516611	-0.00157111	0.000113725	0.0876133
20.5855	0.0807843	-0.0484604	-0.00154472	0.000145759	0.0870519
20.7534	0.0728692	-0.0458454	-0.00151828	0.00016866	0.0862479
20.881	0.0671454	-0.0438843	-0.00149577	0.00018391	0.0854479
20.9642	0.0635476	-0.0426194	-0.00148009	0.000192911	0.084862
21	0.0620298	-0.042078	-0.00147311	0.000196665	0.0846096
21	0.0620298	-0.042078	-0.00147311	0.000196665	0.0846096
21.0358	0.0605313	-0.0415385	-0.00146599	0.000200526	0.0843811
21.119	0.0571278	-0.0402947	-0.00144894	0.000209533	0.0837218
21.2466	0.0521072	-0.0384125	-0.00142139	0.00022191	0.0825491
21.4145	0.0458633	-0.0359868	-0.00138296	0.000235558	0.0808464
21.6172	0.0388568	-0.0331395	-0.00133379	0.000248818	0.0785661
21.8484	0.031561	-0.0300123	-0.00127491	0.00026005	0.0757223
22.1005	0.0244097	-0.0267539	-0.00120822	0.000268502	0.0723986
22.3654	0.0177561	-0.0235082	-0.00113631	0.000273767	0.0687095
22.6346	0.011849	-0.0204027	-0.00106225	0.000275939	0.0648269
22.8995	0.00682739	-0.0175399	-0.000989128	0.000275735	0.0609283
23.1516	0.00273044	-0.0149943	-0.000919826	0.00027389	0.0571848
23.3828	-0.000480312	-0.0128123	-0.0008568	0.000271411	0.0537577
23.5855	-0.00289426	-0.0110167	-0.000802003	0.000269103	0.0507669
23.7534	-0.00462476	-0.00961278	-0.000756973	0.000267465	0.048316
23.881	-0.00578583	-0.00859515	-0.000722902	0.000266722	0.046472
23.9642	-0.00647404	-0.00795442	-0.000700726	0.000266493	0.0452651
24	-0.00675428	-0.00768392	-0.000691175	0.000266417	0.0447395
24	-0.00675428	-0.00768392	-0.000691175	0.000266417	0.0447395
24.0358	-0.00702489	-0.00741682	-0.000681628	0.00026629	0.0441911
24.119	-0.00761651	-0.00681084	-0.000659517	0.000265117	0.0428632
24.2466	-0.00842807	-0.00591847	-0.000625892	0.000261907	0.0409267
24.4145	-0.00932752	-0.00480972	-0.000582284	0.000257592	0.0384293
24.6172	-0.0101752	-0.00356941	-0.000530683	0.000251106	0.0354008
24.8484	-0.0108491	-0.00228392	-0.000473572	0.000243225	0.032091
25.1005	-0.0112637	-0.00103206	-0.000413276	0.000235036	0.0285412
25.3654	-0.0113811	0.000118703	-0.000352266	0.000225567	0.0249242
25.6346	-0.0112102	0.00112381	-0.000292693	0.000217186	0.0214109
25.8995	-0.0107988	0.00195611	-0.00023624	0.000208812	0.0180008
26.1516	-0.0102206	0.00260947	-0.000184592	0.000201364	0.0149353
26.3828	-0.00955924	0.00309548	-0.000138676	0.000195813	0.0121435
26.5855	-0.00889603	0.00343278	-9.95953e-05	0.000189605	0.00973575
26.7534	-0.00830054	0.00365324	-6.8099e-05	0.000185998	0.00788032
26.881	-0.00782572	0.0037843	-4.45682e-05	0.000182256	0.00625967
26.9642	-0.00750801	0.00385271	-2.95523e-05	0.000179355	0.00560179
27	-0.00736942	0.0038814	-2.31032e-05	0.000181165	0.00591694
27	-0.00736942	0.0038814	-2.31032e-05	0.000181165	0.00591694
27.0358	-0.00722986	0.00390418	-1.66176e-05	0.000179212	0.00391146
27.119	-0.00690348	0.00394295	-2.16196e-06	0.000170739	0.0037864
27.2466	-0.00639662	0.00399853	2.0001e-05	0.000176799	0.00265219
27.4145	-0.00572353	0.00400825	4.89159e-05	0.000164277	3.74123e-06
27.6172	-0.00491485	0.0039626	8.12163e-05	0.000159645	-0.00118768
27.8484	-0.00401138	0.00383485	0.00011841	0.000156302	-0.00434272
28.1005	-0.00307635	0.00356762	0.00015415	0.000129148	-0.00679711
28.3654	-0.00217713	0.00320496	0.000187195	0.000119521	-0.00916024
28.6346	-0.00137959	0.00269183	0.00021339	6.58967e-05	-0.0128969
28.8995	-0.00074597	0.00208327	0.000221979	1.96863e-06	-0.0143334
29.1516	-0.000301119	0.00142434	0.000212685	-9.08753e-05	-0.0175265
29.3828	-5.1816e-05	0.000731745	0.000174866	-0.000236128	-0.0177959
29.5855	4.03141e-05	0.000194702	0.00011744	-0.000323673	-0.0148122
29.7534	4.09071e-05	-0.000168054	5.78536e-05	-0.000378434	-0.0100951
29.881	1.22996e-05	-0.000218439	1.38932e-05	-0.000263959	0.00741153
29.9642	6.17004e-07	-4.72113e-05	6.40611e-07	-4.95427e-05	0.0132069
30	9.60507e-19	-2.03533e-17	-1.28468e-18	6.6007e-19	-4.7154e-09
