0	-0.466667	-2.66667	3.45381e-17	3.1415	-157.176
0.0358417	-0.584236	-3.99241	0.0858214	1.58026	-261.371
0.119026	-1.05385	-7.05425	0.0792914	-1.37918	-166.795
0.24661	-2.12186	-9.4729	-0.222669	-3.09958	-100.883
0.414481	-3.91631	-11.5461	-0.839727	-3.92934	-21.3387
0.617243	-6.05159	-8.31451	-1.55518	-3.20713	188.279
0.848377	-7.16459	-2.02229	-2.4451	-4.67655	83.0945
1.10046	-7.70474	-3.96792	-3.3693	-1.07888	-158.13
1.36538	-9.84153	-12.3037	-2.65161	5.34178	-181.774
1.63462	-13.8226	-15.5263	-1.44087	2.61419	49.8612
1.89954	-17.2637	-9.60934	-1.09585	0.835355	165.644
2.15162	-18.9888	-4.8368	-0.850239	0.884697	64.8887
2.38276	-19.831	-2.26822	-0.699478	0.668231	88.0734
2.58552	-20.0	0.352349	-0.498519	1.15652	45.1847
2.75339	-19.8882	0.831355	-0.354894	0.515711	15.5872
2.88097	-19.7431	1.54187	-0.289099	0.618064	38.1489
2.96416	-19.6035	1.68254	-0.241704	0.406554	-13.6252
3	-19.5439	1.69247	-0.229935	0.301455	39.2239
3	-19.5439	1.69247	-0.229935	0.301455	39.2239
3.03584	-19.48	1.85497	-0.217933	0.349493	19.7075
3.11903	-19.3183	2.0116	-0.19178	0.265045	9.36052
3.24661	-19.0482	2.23531	-0.164362	0.188949	12.9434
3.41448	-18.6456	2.54626	-0.133876	0.168816	9.94654
3.61724	-18.102	2.80516	-0.105751	0.112772	7.95171
3.84838	-17.4211	3.08458	-0.0806873	0.111493	7.57086
4.10046	-16.6133	3.30221	-0.0541343	0.0904673	4.52424
4.36538	-15.7184	3.45199	-0.0339181	0.0714599	4.14438
4.63462	-14.7706	3.57503	-0.0134412	0.0756415	2.40931
4.89954	-13.8181	3.60531	0.00300125	0.0487747	1.00701
5.15162	-12.9072	3.622	0.0153764	0.0539961	0.928793
5.38276	-12.0719	3.59295	0.0271971	0.0412738	-0.977533
5.58552	-11.3491	3.54028	0.0338624	0.0312997	-0.460075
5.75339	-10.7576	3.50269	0.0399627	0.0376504	-1.49094
5.88097	-10.3142	3.44537	0.0437981	0.022291	-1.9499
5.96416	-10.0288	3.42054	0.0457757	0.0285991	-0.736992
6	-9.90636	3.40754	0.046846	0.0289517	-3.0534
6	-9.90636	3.40754	0.046846	0.0289517	-3.0534
6.03584	-9.78459	3.38861	0.0477785	0.0240579	-2.20411
6.11903	-9.5042	3.35332	0.0497096	0.0232447	-1.91501
6.24661	-9.07998	3.29506	0.0525943	0.0211019	-2.36624
6.41448	-8.53394	3.20986	0.0557109	0.0165992	-2.54277
6.61724	-7.89391	3.10196	0.0588325	0.0141313	-2.79922
6.84838	-7.19222	2.96793	0.0615611	0.00931462	-3.09747
7.10046	-6.46327	2.81495	0.0634225	0.00595646	-3.23126
7.36538	-5.73943	2.64841	0.0646179	0.00273056	-3.43152
7.63462	-5.04978	2.47419	0.0648229	-0.000853608	-3.49611
7.89954	-4.41698	2.30316	0.0643628	-0.00260908	-3.52964
8.15162	-3.857	2.13973	0.0633859	-0.00523082	-3.55763
8.38276	-3.37954	1.99243	0.0619951	-0.00649155	-3.47986
8.58552	-2.98842	1.86555	0.0605954	-0.00755566	-3.47638
8.75339	-2.68399	1.76187	0.0592104	-0.00875877	-3.39545
8.88097	-2.46411	1.6853	0.0580877	-0.00883736	-3.34623
8.96416	-2.32599	1.6355	0.0573309	-0.00947029	-3.36128
9	-2.26775	1.61429	0.0569871	-0.00963309	-3.26396
9	-2.26775	1.61429	0.0569871	-0.00963309	-3.26396
9.03584	-2.21027	1.5934	0.056643	-0.00960385	-3.28293
9.11903	-2.07974	1.54498	0.0558325	-0.00991017	-3.26268
9.24661	-1.8873	1.47198	0.0545407	-0.0102995	-3.19438
9.41448	-1.64808	1.37842	0.0527813	-0.0106676	-3.11323
9.61724	-1.37974	1.26915	0.050572	-0.0111005	-3.00437
9.84838	-1.10028	1.15005	0.0479719	-0.0113665	-2.87013
10.1005	-0.826044	1.02691	0.0450809	-0.0115622	-2.72143
10.3654	-0.570282	0.905315	0.0420058	-0.0116144	-2.55525
10.6346	-0.342225	0.790112	0.0388917	-0.0115076	-2.38636
10.8995	-0.147023	0.684908	0.0358625	-0.0113421	-2.21862
11.1516	0.0138072	0.592339	0.0330377	-0.0110523	-2.05882
11.3828	0.14152	0.513736	0.030517	-0.0107606	-1.91705
11.5855	0.239111	0.449635	0.0283642	-0.0104583	-1.79186
11.7534	0.310379	0.399939	0.0266331	-0.0101701	-1.69287
11.881	0.359101	0.36412	0.0253483	-0.00996906	-1.61823
11.9642	0.388453	0.341694	0.0245254	-0.00980984	-1.56846
12	0.40053	0.332244	0.024175	-0.00974481	-1.55124
12	0.40053	0.332244	0.024175	-0.00974481	-1.55124
12.0358	0.41227	0.322917	0.0238268	-0.00968642	-1.52943
12.119	0.438248	0.301782	0.0230273	-0.00953221	-1.48176
12.2466	0.474751	0.270693	0.0218267	-0.00928963	-1.41118
12.4145	0.516922	0.23218	0.0202945	-0.00896179	-1.32011
12.6172	0.559576	0.189175	0.0185189	-0.00855029	-1.21408
12.8484	0.598063	0.144633	0.0165975	-0.00807502	-1.09859
13.1005	0.62894	0.101219	0.0146281	-0.00754889	-0.979136
13.3654	0.650315	0.061046	0.0127015	-0.00699716	-0.861497
13.6346	0.661856	0.025547	0.0108922	-0.00644363	-0.749975
13.8995	0.664539	-0.00452398	0.00925643	-0.00590799	-0.64834
14.1516	0.66023	-0.0290182	0.00782974	-0.00541404	-0.559
14.3828	0.651246	-0.0482233	0.0066295	-0.00497362	-0.48315
14.5855	0.639964	-0.0627054	0.00565915	-0.00460012	-0.421486
14.7534	0.628543	-0.0731414	0.00491217	-0.00430036	-0.373581
14.881	0.618754	-0.0801874	0.00437781	-0.00407726	-0.339182
14.9642	0.611906	-0.0843907	0.00404456	-0.00393511	-0.317568
15	0.608851	-0.0861084	0.00390463	-0.00387328	-0.30813
15	0.608851	-0.0861084	0.00390463	-0.00387328	-0.30813
15.0358	0.605735	-0.0877711	0.00376692	-0.00381129	-0.299351
15.119	0.598279	-0.0914273	0.00345572	-0.00367144	-0.27921
15.2466	0.586284	-0.0964999	0.00300066	-0.00346328	-0.249531
15.4145	0.569589	-0.10224	0.0024415	-0.00320067	-0.212901
15.6172	0.548265	-0.107861	0.00182332	-0.00289968	-0.172057
15.8484	0.522748	-0.112671	0.00119089	-0.00257618	-0.129863
16.1005	0.493867	-0.116182	0.000583472	-0.00224722	-0.0888703
16.3654	0.462791	-0.118156	3.10908e-05	-0.0019273	-0.0510599
16.6346	0.430885	-0.118603	-0.000447081	-0.00162916	-0.0178136
16.8995	0.399554	-0.117731	-0.000842707	-0.00136175	0.0102281
17.1516	0.37009	-0.115879	-0.00115633	-0.00113036	0.0329267
17.3828	0.343576	-0.113444	-0.001395	-0.000937839	0.0506231
17.5855	0.320833	-0.110817	-0.00156927	-0.000783262	0.0639016
17.7534	0.302434	-0.108349	-0.00169075	-0.000665626	0.0733856
17.881	0.288738	-0.106319	-0.00177029	-0.000582015	0.0798065
17.9642	0.279952	-0.104932	-0.00181653	-0.000530294	0.0834965
18	0.276202	-0.104321	-0.00183516	-0.00050967	0.0848138
18	0.276202	-0.104321	-0.00183516	-0.00050967	0.0848138
18.0358	0.272474	-0.103703	-0.00185308	-0.00049011	0.0863031
18.119	0.263908	-0.102239	-0.00189199	-0.000445641	0.0896159
18.2466	0.251011	-0.0999177	-0.0019446	-0.0003794	0.0942713
18.4145	0.234502	-0.0967426	-0.00200123	-0.000296119	0.0995584
18.6172	0.215288	-0.0927586	-0.00205168	-0.000202932	0.104722
18.8484	0.194388	-0.0880698	-0.00208732	-0.000107391	0.10913
19.1005	0.172844	-0.0828412	-0.00210261	-1.61627e-05	0.112318
19.3654	0.151633	-0.0772869	-0.00209575	6.56378e-05	0.114081
19.6346	0.131584	-0.0716452	-0.00206841	0.000135304	0.11444
19.8995	0.113333	-0.0661537	-0.00202486	0.000191512	0.113585
20.1516	0.0973059	-0.0610258	-0.00197095	0.000234618	0.11185
20.3828	0.0837334	-0.056436	-0.00191295	0.000265924	0.109584
20.5855	0.0726896	-0.0525156	-0.0018568	0.000286881	0.10715
20.7534	0.0641403	-0.0493534	-0.0018075	0.000299838	0.104874
20.881	0.057994	-0.0470048	-0.00176878	0.000306702	0.102986
20.9642	0.0541466	-0.0454999	-0.00174313	0.000309979	0.101775
21	0.0525273	-0.0448575	-0.00173199	0.000311596	0.10133
21	0.0525273	-0.0448575	-0.00173199	0.000311596	0.10133
21.0358	0.050931	-0.0442182	-0.00172078	0.00031388	0.100939
21.119	0.0473141	-0.0427477	-0.00169441	0.000320243	0.0997614
21.2466	0.042002	-0.0405335	-0.001653	0.00032848	0.0977189
21.4145	0.0354367	-0.0376994	-0.00159717	0.000336184	0.0949421
21.6172	0.0281296	-0.0343995	-0.00152833	0.000342303	0.0914414
21.8484	0.0205973	-0.030807	-0.00144879	0.00034536	0.087307
22.1005	0.0133037	-0.0270972	-0.00136167	0.00034538	0.0827124
22.3654	0.0066157	-0.023434	-0.0012705	0.000342412	0.0778151
22.6346	0.000779685	-0.0199578	-0.00117901	0.000336863	0.0728412
22.8995	-0.00408103	-0.0167771	-0.00109066	0.000329933	0.0679908
23.1516	-0.00795163	-0.0139671	-0.00100842	0.000322468	0.0634438
23.3828	-0.0108998	-0.0115716	-0.00093467	0.00031578	0.0593677
23.5855	-0.0130449	-0.00960893	-0.000871174	0.000310684	0.0558637
23.7534	-0.0145284	-0.00807965	-0.000819303	0.000307551	0.0530321
23.881	-0.0154882	-0.00697383	-0.000780153	0.000306348	0.0509183
23.9642	-0.0160393	-0.00627879	-0.000754682	0.000306095	0.0495367
24	-0.016259	-0.00598563	-0.000743712	0.000306078	0.0489412
24	-0.016259	-0.00598563	-0.000743712	0.000306078	0.0489412
24.0358	-0.0164684	-0.00569645	-0.000732743	0.000305952	0.0482816
24.119	-0.0169148	-0.00504161	-0.000707348	0.000304317	0.0467255
24.2466	-0.0174962	-0.00408001	-0.000668785	0.000300115	0.0444873
24.4145	-0.01808	-0.00289004	-0.000618875	0.000294414	0.0415894
24.6172	-0.0185298	-0.00156663	-0.000560026	0.000285739	0.0380946
24.8484	-0.0187315	-0.000204417	-0.000495168	0.000275762	0.0343171
25.1005	-0.0186136	0.00111075	-0.000426906	0.000265648	0.0302594
25.3654	-0.0181569	0.00230584	-0.000358087	0.000253993	0.0261532
25.6346	-0.0173933	0.00333575	-0.000291036	0.000244514	0.0222006
25.8995	-0.0163949	0.00417337	-0.000227424	0.000235507	0.0183468
26.1516	-0.0152589	0.00481479	-0.000169093	0.000227882	0.0148987
26.3828	-0.0140904	0.00527658	-0.000116959	0.000223213	0.0117586
26.5855	-0.012988	0.00558202	-7.2202e-05	0.000218377	0.00905829
26.7534	-0.0120344	0.00576959	-3.56822e-05	0.000217297	0.00697868
26.881	-0.0112914	0.00587066	-8.02977e-06	0.000215386	0.00508838
26.9642	-0.0108011	0.00591716	9.78628e-06	0.000213857	0.00442623
27	-0.0105886	0.00593723	1.75022e-05	0.000217635	0.00498019
27	-0.0105886	0.00593723	1.75022e-05	0.000217635	0.00498019
27.0358	-0.0103756	0.00594969	2.5316e-05	0.000216227	0.00226068
27.119	-0.00988022	0.00595965	4.27604e-05	0.000206165	0.00211917
27.2466	-0.00911878	0.00597187	6.96264e-05	0.00021509	0.00075638
27.4145	-0.00812026	0.00590903	0.000104816	0.000199693	-0.00254724
27.6172	-0.0069361	0.00576491	0.000144155	0.000195382	-0.00390393
27.8484	-0.00563034	0.00550823	0.000189859	0.000192018	-0.00790799
28.1005	-0.00429491	0.0050674	0.000233448	0.000156376	-0.010937
28.3654	-0.00302417	0.00450642	0.000273434	0.00014439	-0.0138471
28.6346	-0.00190743	0.00375403	0.000304384	7.32096e-05	-0.0186072
28.8995	-0.00102668	0.00288552	0.000311969	-1.20066e-05	-0.0203151
29.1516	-0.000412405	0.00196018	0.000295747	-0.000137229	-0.024414
29.3828	-7.01326e-05	0.0010017	0.00024143	-0.000332077	-0.0245097
29.5855	5.56627e-05	0.000264023	0.000161435	-0.000448028	-0.0202973
29.7534	5.60837e-05	-0.000231746	7.92819e-05	-0.000519994	-0.0137425
29.881	1.68202e-05	-0.000299005	1.89986e-05	-0.000361252	0.0102001
29.9642	8.42709e-07	-6.44933e-05	8.7495e-07	-6.76777e-05	0.0180493
30	7.23943e-18	-8.26757e-17	-5.41464e-18	4.37765e-18	-6.43723e-09
