0	0.7	-4	1.04717	-1.04717	34.1962	
0.0358417	0.562874	-3.60075	1.01997	-0.453884	87.6465	
0.119026	0.312101	-2.51197	1.03641	0.757747	56.1282	
0.24661	0.040384	-1.85005	1.2049	1.77563	26.2739	
0.414481	-0.189141	-0.845358	1.56927	2.48139	31.393	
0.617243	-0.375425	-1.65624	2.15001	3.37549	-81.7279	
0.848377	-1.13607	-4.52428	3.05578	3.95538	-21.8481	
1.10046	-1.99758	-0.872118	3.52895	-1.17243	181.161	
1.36538	-1.0775	7.723	2.44035	-5.68937	174.7	
1.63462	1.65661	11.0821	1.27184	-2.35465	-27.6409	
1.89954	4.1141	6.72534	0.941264	-0.936993	-129.459	
2.15162	5.26283	3.03274	0.663086	-1.00439	-43.7707	
2.38276	5.79915	1.50456	0.505207	-0.574732	-56.0741	
2.58552	5.90557	-0.320445	0.338456	-0.972666	-32.4015	
2.75339	5.82003	-0.564955	0.217287	-0.422782	-6.31464	
2.88097	5.72292	-1.05472	0.163358	-0.52323	-28.6404	
2.96416	5.62785	-1.11107	0.12263	-0.348414	17.906	
3	5.58922	-1.09033	0.11262	-0.258842	-31.5627	
3	5.58922	-1.09033	0.11262	-0.258842	-31.5627	
3.03584	5.54765	-1.21133	0.102036	-0.31307	-12.6929	
3.11903	5.44326	-1.27659	0.0784022	-0.239613	-2.33558	
3.24661	5.27637	-1.35174	0.0539552	-0.165224	-5.34385	
3.41448	5.03912	-1.45958	0.028221	-0.135309	-2.33738	
3.61724	4.74006	-1.48169	0.00808585	-0.0679013	-0.690603	
3.84838	4.39456	-1.51001	-0.00536938	-0.0565965	-0.913004	
4.10046	4.01465	-1.48903	-0.0174345	-0.0318447	1.15809	
4.36538	3.62844	-1.43165	-0.0222332	-0.0137214	0.61706	
4.63462	3.24828	-1.38652	-0.027316	-0.0196588	1.34307	
4.89954	2.8924	-1.29701	-0.0296822	0.0012079	1.77899	
5.15162	2.57411	-1.23348	-0.0299841	-0.00769823	1.14047	
5.38276	2.29658	-1.16037	-0.031608	-0.000198889	2.23124	
5.58552	2.06898	-1.09055	-0.0305294	0.00477255	1.28776	
5.75339	1.88915	-1.04919	-0.0307146	-0.00361113	1.85158	
5.88097	1.75845	-0.998854	-0.0304601	0.00771683	1.9892	
5.96416	1.67629	-0.979674	-0.0299818	0.000915061	0.795283	
6	1.64132	-0.969991	-0.0299974	9.73548e-05	2.73685	
6	1.64132	-0.969991	-0.0299974	9.73548e-05	2.73685	
6.03584	1.60683	-0.955563	-0.0299124	0.00380114	1.93453	
6.11903	1.5284	-0.930982	-0.0295882	0.00323399	1.54043	
6.24661	1.41198	-0.893277	-0.0292284	0.00317346	1.72528	
6.41448	1.26634	-0.842382	-0.0285339	0.00462078	1.62966	
6.61724	1.1014	-0.784846	-0.0276728	0.00396181	1.58773	
6.84838	0.92759	-0.719192	-0.0266347	0.00520532	1.58676	
7.10046	0.754969	-0.651344	-0.0252745	0.00520279	1.46779	
7.36538	0.591404	-0.583701	-0.0239321	0.00528001	1.44353	
7.63462	0.443249	-0.517663	-0.0223876	0.00593427	1.34341	
7.89954	0.314101	-0.458017	-0.0208997	0.0053408	1.26019	
8.15162	0.205536	-0.403731	-0.0195017	0.00586587	1.20966	
8.38276	0.117627	-0.357727	-0.0181554	0.00554319	1.09857	
8.58552	0.0489411	-0.319924	-0.0170714	0.00538233	1.07517	
8.75339	-0.00220414	-0.289798	-0.0161351	0.00562446	0.998465	
8.88097	-0.0378188	-0.268666	-0.0154491	0.00513505	0.957241	
8.96416	-0.0595951	-0.254852	-0.0150172	0.00534842	0.973981	
9	-0.0686246	-0.24908	-0.0148242	0.00535156	0.891895	
9	-0.0686246	-0.24908	-0.0148242	0.00535156	0.891895	
9.03584	-0.0774532	-0.243548	-0.0146358	0.0051919	0.910861	
9.11903	-0.0971747	-0.230647	-0.0142064	0.00516075	0.9006	
9.24661	-0.125374	-0.211582	-0.0135513	0.00507931	0.855684	
9.41448	-0.158883	-0.187864	-0.0127147	0.00490364	0.809658	
9.61724	-0.19422	-0.161029	-0.0117338	0.00476621	0.752628	
9.84838	-0.228146	-0.132981	-0.0106594	0.00452025	0.687666	
10.1005	-0.258111	-0.105228	-0.00955102	0.004286	0.623769	
10.3654	-0.28246	-0.0791165	-0.00844808	0.00402635	0.556165	
10.6346	-0.300538	-0.0556539	-0.00740457	0.00373327	0.493795	
10.8995	-0.312528	-0.0353121	-0.006448	0.00348673	0.435666	
11.1516	-0.31925	-0.0184003	-0.00560308	0.00321285	0.382832	
11.3828	-0.321897	-0.00478809	-0.00488701	0.00299236	0.339814	
11.5855	-0.321777	0.00574789	-0.00429922	0.00279772	0.301852	
11.7534	-0.320149	0.0135168	-0.00384448	0.00262581	0.274186	
11.881	-0.318075	0.0189117	-0.00351615	0.00252111	0.253558	
11.9642	-0.316365	0.0221723	-0.00330988	0.00243465	0.239056	
12	-0.315546	0.0235235	-0.00322327	0.00240117	0.236198	
12	-0.315546	0.0235235	-0.00322327	0.00240117	0.236198	
12.0358	-0.314679	0.0248477	-0.00313768	0.00237384	0.22967	
12.119	-0.312489	0.0277832	-0.00294331	0.00229849	0.216794	
12.2466	-0.308674	0.0319541	-0.00265733	0.00218604	0.198834	
12.4145	-0.302889	0.0368616	-0.00230227	0.0020442	0.175997	
12.6172	-0.294883	0.0419564	-0.00190498	0.00187586	0.150375	
12.8484	-0.284612	0.0467466	-0.00149245	0.0016956	0.123638	
13.1005	-0.272289	0.0508443	-0.00108881	0.00150834	0.0971	
13.3654	-0.258374	0.0540173	-0.000713958	0.00132419	0.0723123	
13.6346	-0.243515	0.0561915	-0.000380967	0.00115121	0.0499535	
13.8995	-0.228448	0.0574221	-9.73184e-05	0.00099234	0.0306619	
14.1516	-0.213903	0.0578677	0.000135177	0.000854349	0.0146565	
14.3828	-0.200534	0.0577347	0.000318915	0.000736795	0.00173971	
14.5855	-0.188871	0.0572468	0.000458502	0.000641561	-0.00814353	
14.7534	-0.179312	0.056613	0.000560031	0.000568705	-0.0154952	
14.881	-0.172126	0.0560058	0.00062919	0.000515931	-0.0205419	
14.9642	-0.167486	0.0555576	0.000670755	0.000483711	-0.0235712	
15	-0.165498	0.0553522	0.000687846	0.000469943	-0.0249599	
15	-0.165498	0.0553522	0.000687846	0.000469943	-0.0249599	
15.0358	-0.163518	0.0551392	0.000704439	0.000455958	-0.0262063	
15.119	-0.158953	0.0546186	0.000741042	0.000424256	-0.0289833	
15.2466	-0.152039	0.0537533	0.000792174	0.000377747	-0.032907	
15.4145	-0.143118	0.0525044	0.000850732	0.000320669	-0.0374964	
15.6172	-0.132638	0.0508512	0.000909243	0.00025745	-0.0422565	
15.8484	-0.121117	0.0488075	0.000961084	0.00019233	-0.0467106	
16.1005	-0.109111	0.0464281	0.00100145	0.000129252	-0.0505027	
16.3654	-0.0971566	0.0438051	0.00102781	7.10592e-05	-0.053422	
16.6346	-0.0857308	0.0410566	0.00103987	1.98744e-05	-0.0553907	
16.8995	-0.0752173	0.0383108	0.00103928	-2.32549e-05	-0.0564782	
17.1516	-0.0658903	0.0356913	0.00102888	-5.83152e-05	-0.0568303	
17.3828	-0.057917	0.0333057	0.00101215	-8.56589e-05	-0.0566438	
17.5855	-0.0513738	0.0312393	0.000992644	-0.000106317	-0.0561411	
17.7534	-0.0462714	0.0295545	0.00097351	-0.000121318	-0.0555062	
17.881	-0.0425814	0.0282931	0.000957374	-0.000131476	-0.0549071	
17.9642	-0.0402617	0.0274804	0.000946179	-0.000137619	-0.0544725	
18	-0.039283	0.0271328	0.000941201	-0.000140163	-0.0542719	
18	-0.039283	0.0271328	0.000941201	-0.000140163	-0.0542719	
18.0358	-0.0383167	0.0267868	0.000936133	-0.000142607	-0.054056	
18.119	-0.0361217	0.0259903	0.000924047	-0.000147896	-0.0535389	
18.2466	-0.0328828	0.0247868	0.000904704	-0.000155152	-0.0526852	
18.4145	-0.0288523	0.0232391	0.000877959	-0.000163227	-0.0514563	
18.6172	-0.024325	0.0214275	0.00084404	-0.000171006	-0.049839	
18.8484	-0.0196033	0.0194442	0.000803714	-0.000177531	-0.0478449	
19.1005	-0.0149636	0.0173859	0.000758337	-0.000182076	-0.0455299	
19.3654	-0.0106309	0.0153448	0.000709744	-0.000184391	-0.0429859	
19.6346	-0.00676394	0.0134015	0.000660034	-0.000184512	-0.0403242	
19.8995	-0.00345248	0.0116197	0.000611343	-0.000182812	-0.0376715	
20.1516	-0.00072446	0.0100439	0.000565607	-0.000179869	-0.0351438	
20.3828	0.00143991	0.00870039	0.000524433	-0.000176291	-0.0328451	
20.5855	0.00309126	0.00760024	0.000489042	-0.000172768	-0.0308597	
20.7534	0.00429455	0.0067437	0.00046029	-0.000169786	-0.0292436	
20.881	0.00511517	0.00612493	0.000438768	-0.000167629	-0.0280377	
20.9642	0.00560842	0.00573623	0.000424879	-0.000166296	-0.0272519	
21	0.00581107	0.00557237	0.000418929	-0.000165682	-0.0269037	
21	0.00581107	0.00557237	0.000418929	-0.000165682	-0.0269037	
21.0358	0.00600789	0.00541086	0.000413005	-0.000164864	-0.0265143	
21.119	0.00644269	0.00504494	0.000399391	-0.000162394	-0.0256949	
21.2466	0.00705169	0.00450629	0.000378923	-0.000158482	-0.0245029	
21.4145	0.00775145	0.00383808	0.00035275	-0.000153298	-0.0229592	
21.6172	0.00845281	0.00309074	0.000322322	-0.000146823	-0.0211567	
21.8484	0.00907604	0.00231529	0.000289244	-0.000139387	-0.0191832	
22.1005	0.00956236	0.00155824	0.000255151	-0.000131073	-0.0171282	
22.3654	0.00988019	0.000856762	0.000221592	-0.000122286	-0.0150925	
22.6346	0.0100253	0.000236447	0.000189865	-0.000113387	-0.0131475	
22.8995	0.0100166	-0.000288887	0.000160984	-0.000104672	-0.0113625	
23.1516	0.00988849	-0.000716176	0.000135625	-9.65485e-05	-0.00978021	
23.3828	0.00968334	-0.00105011	0.000114167	-8.91155e-05	-0.00842337	
23.5855	0.00944437	-0.00130061	9.67601e-05	-8.25795e-05	-0.0073091	
23.7534	0.00921065	-0.00147979	8.33611e-05	-7.70031e-05	-0.00642979	
23.881	0.00901406	-0.00159968	7.38198e-05	-7.25403e-05	-0.00579382	
23.9642	0.008878	-0.00167065	6.79091e-05	-6.95558e-05	-0.00539386	
24	0.0088176	-0.0016995	6.54399e-05	-6.82156e-05	-0.00521606	
24	0.0088176	-0.0016995	6.54399e-05	-6.82156e-05	-0.00521606	
24.0358	0.00875619	-0.00172752	6.30171e-05	-6.70363e-05	-0.00511363	
24.119	0.00860987	-0.0017895	5.75325e-05	-6.4871e-05	-0.00477843	
24.2466	0.00837598	-0.00187516	4.94659e-05	-6.15789e-05	-0.00425192	
24.4145	0.00805285	-0.0019716	3.94725e-05	-5.75627e-05	-0.00361571	
24.6172	0.00764321	-0.00206489	2.82646e-05	-5.2992e-05	-0.00288116	
24.8484	0.00715641	-0.00214252	1.65984e-05	-4.80629e-05	-0.00212411	
25.1005	0.00660894	-0.00219591	5.08421e-06	-4.33607e-05	-0.00136943	
25.3654	0.00602334	-0.00221985	-5.77709e-06	-3.87038e-05	-0.00064846	
25.6346	0.00542575	-0.00221441	-1.56426e-05	-3.47214e-05	-1.91024e-06	
25.8995	0.00484276	-0.00218266	-2.43734e-05	-3.11953e-05	0.000590073	
26.1516	0.00429871	-0.00213055	-3.18437e-05	-2.82146e-05	0.00108337	
26.3828	0.0038134	-0.00206625	-3.81144e-05	-2.60521e-05	0.00151074	
26.5855	0.00340126	-0.00199719	-4.31842e-05	-2.39528e-05	0.00186567	
26.7534	0.00307134	-0.00193233	-4.70896e-05	-2.26773e-05	0.00211789	
26.881	0.00282821	-0.00187815	-4.99134e-05	-2.14105e-05	0.00236762	
26.9642	0.00267354	-0.00184053	-5.16473e-05	-2.04418e-05	0.00241496	
27	0.00260786	-0.00182473	-5.23848e-05	-2.0904e-05	0.00226192	
27	0.00260786	-0.00182473	-5.23848e-05	-2.0904e-05	0.00226192	
27.0358	0.00254275	-0.0018078	-5.31331e-05	-2.04546e-05	0.00273008	
27.119	0.00239412	-0.00176611	-5.47221e-05	-1.83644e-05	0.00264267	
27.2466	0.00217269	-0.00170459	-5.71728e-05	-2.00868e-05	0.00274905	
27.4145	0.00189401	-0.00161358	-6.03658e-05	-1.70677e-05	0.00319061	
27.6172	0.00157855	-0.00149824	-6.35879e-05	-1.60815e-05	0.00320696	
27.8484	0.00124792	-0.00135973	-6.74099e-05	-1.54867e-05	0.00368606	
28.1005	0.000926251	-0.00119087	-7.04214e-05	-8.92611e-06	0.00395141	
28.3654	0.000634647	-0.00100935	-7.25758e-05	-7.19177e-06	0.00417258	
28.6346	0.00038979	-0.000805381	-7.31204e-05	5.415e-06	0.00474155	
28.8995	0.00020435	-0.000595276	-6.96323e-05	1.99909e-05	0.00472545	
29.1516	7.97161e-05	-0.00039047	-6.24022e-05	4.10752e-05	0.0051852	
29.3828	1.2492e-05	-0.000192962	-4.89991e-05	7.45981e-05	0.00493376	
29.5855	-1.12774e-05	-4.74418e-05	-3.18661e-05	9.25016e-05	0.00391402	
29.7534	-1.08855e-05	4.63688e-05	-1.5356e-05	0.000102153	0.00254627	
29.881	-3.22729e-06	5.75688e-05	-3.64463e-06	6.95107e-05	-0.00200708	
29.9642	-1.61032e-07	1.23301e-05	-1.67192e-07	1.29387e-05	-0.00345496	
30	-3.35903e-19	-1.52039e-18	-1.43504e-19	-6.93715e-20	1.22858e-09	
