0	-9.01399e-17	-4	3.1415	8.7143e-18	-161.705	
0.0280786	-0.118635	-4.35115	3.14772	0.338051	-29.2723	
0.093246	-0.413427	-4.80486	3.17825	0.695621	-78.0902	
0.193196	-0.963174	-6.10309	3.30019	1.58548	-51.0239	
0.324708	-1.79402	-6.36319	3.48047	0.989156	-3.82724	
0.483553	-2.82346	-6.54202	3.58726	0.324649	14.6439	
0.664625	-3.80073	-3.26293	3.38943	-3.14763	205.915	
0.862106	-3.70833	4.10394	2.35894	-6.28	195.938	
1.06965	-2.4341	6.91875	1.31172	-3.26311	-22.0845	
1.28058	-1.2146	4.22871	0.887543	-1.37477	-96.8982	
1.48812	-0.625502	1.74888	0.618675	-1.14935	-47.8977	
1.6856	-0.414945	0.396407	0.435765	-0.800737	-43.4814	
1.86667	-0.452394	-0.71175	0.284658	-0.822396	-24.4199	
2.02552	-0.5987	-1.07919	0.178262	-0.519961	-13.1268	
2.15703	-0.763346	-1.4354	0.11197	-0.512899	-14.5394	
2.25698	-0.91271	-1.50534	0.0663821	-0.365739	0.730658	
2.32214	-1.01206	-1.57588	0.0444553	-0.342712	-14.7988	
2.35022	-1.05705	-1.61308	0.0346368	-0.341578	6.11386	
2.35022	-1.05705	-1.61308	0.0346368	-0.341578	6.11386	
2.3783	-1.10209	-1.60059	0.0257709	-0.29608	-0.574574	
2.44347	-1.20707	-1.62505	0.00785159	-0.260511	-2.93113	
2.54342	-1.37058	-1.63652	-0.0159056	-0.210817	0.636537	
2.67493	-1.58348	-1.59749	-0.0389151	-0.144421	1.82887	
2.83378	-1.83223	-1.52899	-0.0580717	-0.099482	3.10479	
3.01485	-2.09823	-1.40162	-0.0716498	-0.0510629	4.633	
3.21233	-2.35935	-1.2432	-0.0782137	-0.0206474	4.67148	
3.41987	-2.59963	-1.06875	-0.0806574	-0.00191301	5.29204	
3.6308	-2.805	-0.879872	-0.078877	0.0162888	5.12633	
3.83834	-2.96978	-0.709945	-0.0751308	0.0189589	4.83193	
4.03582	-3.09402	-0.547938	-0.070681	0.0271983	4.89985	
4.21689	-3.18056	-0.411726	-0.0654571	0.0280955	4.19231	
4.37574	-3.23728	-0.301865	-0.0611829	0.0275486	4.31832	
4.50725	-3.2709	-0.21118	-0.0572566	0.0310355	3.86081	
4.6072	-3.28902	-0.152216	-0.0543334	0.0272801	3.60521	
4.67237	-3.29763	-0.111073	-0.0525211	0.0293152	3.99515	
4.70045	-3.3005	-0.0942209	-0.0516861	0.0295314	3.11809	
4.70045	-3.3005	-0.0942209	-0.0516861	0.0295314	3.11809	
4.72852	-3.30294	-0.0791899	-0.0508792	0.0282169	3.41404	
4.79369	-3.3069	-0.0422873	-0.0490498	0.0281714	3.46177	
4.89364	-3.30839	0.0116912	-0.0462417	0.0277531	3.20597	
5.02515	-3.30247	0.0776454	-0.0426764	0.0266115	3.01722	
5.184	-3.28417	0.151581	-0.0385012	0.025903	2.75731	
5.36507	-3.24978	0.226701	-0.0339504	0.0242805	2.45352	
5.56255	-3.1977	0.299198	-0.0293066	0.022865	2.18193	
5.77009	-3.12858	0.36509	-0.024713	0.0212752	1.87045	
5.98102	-3.04545	0.421584	-0.020429	0.0194299	1.60439	
6.18856	-2.95294	0.468404	-0.0165396	0.0180408	1.35362	
6.38604	-2.85673	0.504729	-0.0131379	0.0163748	1.12146	
6.56712	-2.76278	0.53205	-0.0102925	0.0151403	0.949469	
6.72596	-2.67666	0.551526	-0.00796808	0.0140539	0.779894	
6.85747	-2.60325	0.564507	-0.00618932	0.0130488	0.671372	
6.95742	-2.5464	0.572915	-0.00491146	0.0125226	0.586308	
7.02259	-2.50891	0.577482	-0.00411091	0.0120143	0.515191	
7.05067	-2.49267	0.579293	-0.00377656	0.0118233	0.521479	
7.05067	-2.49267	0.579293	-0.00377656	0.0118233	0.521479	
7.07875	-2.47638	0.581053	-0.00344637	0.0116853	0.486761	
7.14391	-2.43839	0.584642	-0.0026984	0.0112626	0.430354	
7.24386	-2.37972	0.589123	-0.00160437	0.0106416	0.358918	
7.37538	-2.30195	0.593242	-0.000255381	0.00987348	0.265436	
7.53422	-2.2075	0.595646	0.00123987	0.00896231	0.162138	
7.71529	-2.09962	0.595312	0.00277498	0.0080057	0.0555293	
7.91277	-1.98238	0.591549	0.00425728	0.00701327	-0.0502649	
8.12031	-1.86031	0.584223	0.00561058	0.00604447	-0.147133	
8.33124	-1.73814	0.573704	0.00678921	0.00513992	-0.234197	
8.53879	-1.62038	0.560721	0.00776799	0.00430407	-0.308047	
8.73627	-1.51104	0.546327	0.00854572	0.00358359	-0.368111	
8.91734	-1.41342	0.531626	0.00913796	0.00296235	-0.416386	
9.07618	-1.33007	0.517728	0.00956749	0.00245396	-0.451941	
9.20769	-1.26277	0.505623	0.00986428	0.00206138	-0.478422	
9.30764	-1.21271	0.496099	0.0100556	0.00176888	-0.496065	
9.37281	-1.18059	0.489764	0.010165	0.00159071	-0.505952	
9.40089	-1.16687	0.487005	0.0102086	0.00151436	-0.511329	
9.40089	-1.16687	0.487005	0.0102086	0.00151436	-0.511329	
9.42897	-1.15324	0.484228	0.01025	0.00143844	-0.514443	
9.49414	-1.12189	0.477732	0.0103384	0.00127421	-0.522963	
9.59409	-1.07465	0.467623	0.0104536	0.00103249	-0.535402	
9.7256	-1.01404	0.454093	0.0105695	0.000734498	-0.549004	
9.88444	-0.943223	0.437481	0.0106595	0.000403763	-0.562316	
10.0655	-0.865741	0.418292	0.0107009	5.95445e-05	-0.573236	
10.263	-0.785218	0.397203	0.0106791	-0.000273058	-0.580463	
10.4705	-0.705085	0.375012	0.0105897	-0.000582024	-0.583577	
10.6815	-0.628353	0.352582	0.0104375	-0.000854214	-0.582206	
10.889	-0.557447	0.330772	0.0102359	-0.00108295	-0.577253	
11.0865	-0.494148	0.310358	0.010003	-0.00127061	-0.569491	
11.2676	-0.439617	0.29201	0.00975949	-0.00141476	-0.560017	
11.4264	-0.394489	0.27625	0.00952594	-0.00152352	-0.550345	
11.5579	-0.359002	0.263464	0.00932032	-0.00160133	-0.541167	
11.6579	-0.333147	0.253919	0.00915769	-0.00165196	-0.533767	
11.723	-0.316801	0.247778	0.00904903	-0.00168231	-0.528613	
11.7511	-0.30988	0.245154	0.00900163	-0.00169326	-0.525887	
11.7511	-0.30988	0.245154	0.00900163	-0.00169326	-0.525887	
11.7792	-0.303033	0.242543	0.00895395	-0.0017028	-0.523721	
11.8444	-0.287424	0.236533	0.00884227	-0.00172458	-0.518427	
11.9443	-0.264238	0.227451	0.00866835	-0.00175494	-0.510011	
12.0758	-0.235097	0.215756	0.00843521	-0.00178955	-0.498565	
12.2347	-0.201922	0.202029	0.00814818	-0.00182285	-0.48414	
12.4157	-0.166716	0.186929	0.00781557	-0.00184885	-0.467077	
12.6132	-0.131372	0.171139	0.00744876	-0.00186372	-0.447883	
12.8208	-0.0975086	0.155322	0.00706161	-0.00186474	-0.427236	
13.0317	-0.0663696	0.14007	0.00666938	-0.00185229	-0.406002	
13.2392	-0.0387866	0.125872	0.00628723	-0.00182843	-0.385006	
13.4367	-0.0152018	0.113105	0.00592922	-0.00179589	-0.365092	
13.6178	0.00426629	0.102026	0.0056073	-0.00175867	-0.346977	
13.7766	0.0197334	0.0927951	0.00533095	-0.00171974	-0.331218	
13.9081	0.0314536	0.0854935	0.00510717	-0.00168278	-0.318329	
14.0081	0.0397301	0.0801475	0.0049405	-0.00165174	-0.308633	
14.0733	0.0448421	0.0767552	0.00483356	-0.00163022	-0.302437	
14.1013	0.0469771	0.0753157	0.00478792	-0.00162103	-0.299877	
14.1013	0.0469771	0.0753157	0.00478792	-0.00162103	-0.299877	
14.1294	0.0490718	0.0738876	0.00474251	-0.00161349	-0.297835	
14.1946	0.05378	0.070619	0.00463781	-0.0016002	-0.292106	
14.2945	0.0605932	0.0657415	0.00447894	-0.00157799	-0.282867	
14.426	0.0688302	0.0595724	0.00427356	-0.00154513	-0.271022	
14.5849	0.0777252	0.0524893	0.00403148	-0.0015021	-0.256907	
14.766	0.0865345	0.0448957	0.00376429	-0.00144864	-0.241276	
14.9634	0.0946288	0.0371761	0.00348409	-0.00138899	-0.224843	
15.171	0.101555	0.0296713	0.00320244	-0.00132493	-0.208202	
15.3819	0.107063	0.0226532	0.0029298	-0.00126064	-0.192104	
15.5895	0.111097	0.016318	0.00267453	-0.00119958	-0.176953	
15.7869	0.113766	0.0107898	0.0024432	-0.00114389	-0.163256	
15.968	0.115292	0.00612655	0.00224035	-0.00109739	-0.151283	
16.1269	0.115961	0.00234159	0.00206906	-0.00105989	-0.141188	
16.2584	0.116074	-0.000585974	0.00193149	-0.00103317	-0.133244	
16.3583	0.11591	-0.00269043	0.00182911	-0.0010157	-0.12726	
16.4235	0.115691	-0.00400779	0.00176326	-0.00100571	-0.123691	
16.4516	0.115571	-0.00456411	0.00173506	-0.00100353	-0.122606	
16.4516	0.115571	-0.00456411	0.00173506	-0.00100353	-0.122606	
16.4796	0.115435	-0.0051126	0.0017069	-0.00100141	-0.120452	
16.5448	0.115061	-0.00634992	0.00164195	-0.000991583	-0.11627	
16.6448	0.114335	-0.00816115	0.00154371	-0.000973809	-0.110277	
16.7763	0.113114	-0.0103875	0.00141739	-0.000946479	-0.1024	
16.9351	0.111265	-0.012845	0.00126997	-0.000909357	-0.0932783	
17.1162	0.108708	-0.0153517	0.00110922	-0.000865963	-0.083293	
17.3137	0.105434	-0.0177431	0.000942973	-0.000817771	-0.0729136	
17.5212	0.101522	-0.019894	0.000778362	-0.000768965	-0.062639	
17.7321	0.0971272	-0.0217214	0.000621231	-0.000721121	-0.0527332	
17.9397	0.0924615	-0.0231883	0.000476272	-0.000676426	-0.0436133	
18.1372	0.0877681	-0.0242992	0.000346606	-0.000637178	-0.035408	
18.3182	0.0832936	-0.0250878	0.000234322	-0.000603652	-0.0283349	
18.4771	0.079265	-0.025611	0.000140482	-0.00057866	-0.0225173	
18.6086	0.0758747	-0.0259307	6.5583e-05	-0.00056072	-0.0178519	
18.7085	0.0732736	-0.0261085	1.01203e-05	-0.00054971	-0.0145599	
18.7737	0.0715692	-0.0261947	-2.55052e-05	-0.00054325	-0.0120677	
18.8018	0.0708333	-0.0262222	-4.06961e-05	-0.000538303	-0.0104587	
18.8018	0.0708333	-0.0262222	-4.06961e-05	-0.000538303	-0.0104587	
18.8299	0.0700967	-0.0262429	-5.57124e-05	-0.000531082	-0.00917182	
18.895	0.0683855	-0.02627	-8.96933e-05	-0.000511442	-0.00658842	
18.995	0.0657596	-0.0262645	-0.000139314	-0.00048229	-0.00337363	
19.1265	0.0623101	-0.026182	-0.000200629	-0.000451188	0.000593402	
19.2853	0.0581664	-0.0259713	-0.00026963	-0.000418128	0.00523702	
19.4664	0.0534957	-0.0255947	-0.000342334	-0.000386115	0.010018	
19.6639	0.0484943	-0.0250311	-0.000415601	-0.000356072	0.0150288	
19.8714	0.043375	-0.0242756	-0.000486249	-0.000325142	0.0199042	
20.0824	0.0383491	-0.0233541	-0.000551885	-0.00029775	0.0244338	
20.2899	0.0336087	-0.0223042	-0.000610842	-0.000269751	0.0287826	
20.4874	0.0293129	-0.0211834	-0.000661364	-0.000242303	0.0324658	
20.6685	0.0255775	-0.0200601	-0.00070297	-0.00021614	0.0358656	
20.8273	0.0224745	-0.0189972	-0.000734936	-0.000185246	0.0387723	
20.9588	0.0200367	-0.0180693	-0.000757491	-0.00015747	0.0409024	
21.0588	0.0182673	-0.0173316	-0.000771925	-0.000129281	0.0431117	
21.1239	0.017154	-0.0168361	-0.000779619	-0.000107979	0.0433119	
21.152	0.0166842	-0.0166268	-0.000782595	-0.000105436	0.0416796	
21.152	0.0166842	-0.0166268	-0.000782595	-0.000105436	0.0416796	
21.1801	0.0162203	-0.0164114	-0.000785484	-9.78905e-05	0.045295	
21.2452	0.0151675	-0.0159053	-0.000791091	-7.97537e-05	0.0433342	
21.3452	0.0136149	-0.0151598	-0.000799604	-9.00121e-05	0.0438535	
21.4767	0.011689	-0.0141184	-0.000809799	-5.79237e-05	0.047071	
21.6356	0.00954749	-0.0128514	-0.000816655	-3.83273e-05	0.0460657	
21.8166	0.00735168	-0.0113844	-0.000822312	-1.04207e-05	0.0496571	
22.0141	0.00527023	-0.00969268	-0.000815551	7.59735e-05	0.0506548	
22.2217	0.00344085	-0.00793488	-0.000793881	0.000136432	0.0513873	
22.4326	0.00196345	-0.00605286	-0.000750109	0.000298597	0.0550506	
22.6401	0.000901283	-0.00420139	-0.000668518	0.000479712	0.0524926	
22.8376	0.000240224	-0.00248596	-0.000554912	0.000695919	0.0538739	
23.0187	-6.75669e-05	-0.000949067	-0.000403458	0.000963564	0.0468696	
23.1775	-0.000132655	6.29105e-05	-0.000242599	0.00103195	0.0319697	
23.309	-8.50805e-05	0.000604344	-0.000108619	0.000980572	0.0151654	
23.409	-2.23739e-05	0.000528253	-2.45817e-05	0.000608398	-0.0288171	
23.4741	-1.06775e-06	0.000104946	-1.10189e-06	0.000109185	-0.0380622	
23.5022	7.42745e-17	-7.2457e-16	-4.10273e-17	2.44145e-17	1.67064e-08	
