0	-0.466667	4	1.04717	1.04717	-15.8819	
0.0268219	-0.360278	3.93475	1.07683	1.1649	-13.324	
0.0890727	-0.11972	3.79256	1.15775	1.43194	-13.8836	
0.184549	0.231253	3.55841	1.31292	1.81514	-14.241	
0.310175	0.659362	3.25958	1.57127	2.29065	-13.4349	
0.461911	1.12646	2.89247	1.95658	2.76113	-14.3748	
0.634879	1.58853	2.45105	2.46084	2.99472	-14.4698	
0.823521	2.00945	2.0287	3.00108	2.61195	-11.9233	
1.02177	2.37569	1.67626	3.4261	1.61691	-10.2192	
1.22326	2.68326	1.39814	3.63759	0.498473	-6.24573	
1.42152	2.94659	1.28383	3.64344	-0.382508	-1.51281	
1.61016	3.18625	1.26806	3.52198	-0.840924	0.898134	
1.78313	3.41026	1.33551	3.36159	-0.972647	3.58703	
1.93486	3.61722	1.37299	3.22059	-0.840722	-0.703625	
2.06049	3.787	1.32285	3.13065	-0.580537	-3.04852	
2.15596	3.90928	1.2137	3.08686	-0.316127	-12.6318	
2.21821	3.97997	1.05635	3.07452	-0.0850469	-11.6187	
2.24504	4.00795	1.04802	3.0729	-0.0541234	13.1344	
2.24504	4.00795	1.04802	3.0729	-0.0541234	13.1344	
2.27186	4.03505	0.932256	3.07274	0.0814596	-44.8526	
2.33411	4.08164	0.635692	3.08941	0.372289	-9.6405	
2.42959	4.13265	0.335565	3.13144	0.591302	-41.791	
2.55521	4.10809	-0.725526	3.25273	1.2708	-44.6114	
2.70695	3.92785	-1.66252	3.45337	1.32813	-47.6398	
2.87992	3.49643	-3.37765	3.70255	1.49127	-57.0328	
3.06856	2.76302	-4.07828	3.89453	0.328915	0.773022	
3.26681	1.96159	-3.98626	3.83792	-0.794576	11.6243	
3.4683	1.34049	-1.25592	3.46039	-3.50502	172.805	
3.66655	1.76175	5.61379	2.41891	-6.28	195.226	
3.85519	3.17678	8.24044	1.41761	-3.70578	-21.5505	
4.02816	4.44831	6.14194	1.00277	-1.56216	-92.9141	
4.1799	5.21868	4.12279	0.795002	-1.21079	-68.1951	
4.30552	5.65362	2.82813	0.662569	-0.935396	-60.2074	
4.401	5.87979	1.92991	0.574502	-0.91211	-52.0061	
4.46325	5.98498	1.47276	0.520165	-0.822921	-39.4368	
4.49007	6.02211	1.2897	0.498515	-0.7984	-47.9066	
4.49007	6.02211	1.2897	0.498515	-0.7984	-47.9066	
4.51689	6.05402	1.09481	0.477192	-0.788891	-41.7947	
4.57915	6.10989	0.711121	0.42964	-0.735999	-35.0799	
4.67462	6.15316	0.208622	0.363312	-0.656365	-29.9369	
4.80025	6.14406	-0.329485	0.286666	-0.563502	-23.0291	
4.95198	6.05594	-0.804675	0.209914	-0.449479	-16.4366	
5.12495	5.88181	-1.18509	0.141837	-0.342573	-11.4076	
5.31359	5.63078	-1.45328	0.0863242	-0.24839	-6.94583	
5.51185	5.32517	-1.61422	0.0452812	-0.170605	-4.04838	
5.71334	4.99002	-1.7014	0.0164184	-0.11902	-2.01246	
5.91159	4.64936	-1.72687	-0.00306701	-0.0790803	-0.45978	
6.10023	4.32401	-1.71919	-0.01547	-0.0550406	0.220021	
6.2732	4.02865	-1.69219	-0.023633	-0.0390667	1.01991	
6.42493	3.77467	-1.65466	-0.0285468	-0.0269989	1.23628	
6.55056	3.56885	-1.62112	-0.0316304	-0.0220919	1.5144	
6.64604	3.41554	-1.58979	-0.0334643	-0.0161855	1.75662	
6.70829	3.3172	-1.57019	-0.0344074	-0.0147114	1.54096	
6.73511	3.27519	-1.56144	-0.0347963	-0.0139868	1.99635	
6.73511	3.27519	-1.56144	-0.0347963	-0.0139868	1.99635	
6.76193	3.23344	-1.55176	-0.0351498	-0.0125151	1.85237	
6.82418	3.13752	-1.53025	-0.0358677	-0.0107024	1.83284	
6.91966	2.99303	-1.49619	-0.0367707	-0.00816397	1.95258	
7.04528	2.80798	-1.44966	-0.0375974	-0.00517526	2.01453	
7.19702	2.59234	-1.39233	-0.0381832	-0.00263991	2.08047	
7.36999	2.35728	-1.32546	-0.0384151	-0.00011852	2.13405	
7.55863	2.11416	-1.25215	-0.0382434	0.00178511	2.14191	
7.75688	1.87354	-1.17537	-0.037738	0.00329845	2.14826	
7.95837	1.64452	-1.09814	-0.0369374	0.00455193	2.11988	
8.15662	1.4342	-1.02384	-0.0359569	0.00530684	2.08202	
8.34527	1.24761	-0.954678	-0.0348883	0.00601587	2.04131	
8.51823	1.08784	-0.893074	-0.0338085	0.00641139	1.98378	
8.66997	0.956331	-0.840522	-0.0328164	0.00669134	1.9442	
8.7956	0.85342	-0.798037	-0.0319584	0.00693916	1.8968	
8.89107	0.778734	-0.76656	-0.0312931	0.00699444	1.86312	
8.95332	0.731647	-0.746289	-0.0308548	0.0071028	1.84952	
8.98014	0.711746	-0.737648	-0.0306637	0.0071339	1.82496	
8.98014	0.711746	-0.737648	-0.0306637	0.0071339	1.82496	
9.00697	0.692076	-0.729082	-0.0304723	0.00713833	1.82159	
9.06922	0.647305	-0.709344	-0.0300263	0.00719649	1.80163	
9.16469	0.581005	-0.679605	-0.0293355	0.00726555	1.76423	
9.29032	0.498036	-0.641479	-0.0284191	0.00732138	1.71666	
9.44206	0.404101	-0.59694	-0.0273042	0.00736708	1.65732	
9.61502	0.305092	-0.548239	-0.0260294	0.00736524	1.58821	
9.80367	0.206486	-0.497635	-0.0246432	0.00732739	1.51285	
10.0019	0.112868	-0.44728	-0.0231978	0.00724473	1.43252	
10.2034	0.0276531	-0.399062	-0.0217503	0.00711944	1.35167	
10.4017	-0.046996	-0.354482	-0.0203529	0.00697236	1.27267	
10.5903	-0.110071	-0.31467	-0.0190533	0.00680132	1.19831	
10.7633	-0.161501	-0.280347	-0.0178915	0.00663156	1.13177	
10.915	-0.201864	-0.25192	-0.0168972	0.00647101	1.07395	
11.0406	-0.232095	-0.229552	-0.0160932	0.00632914	1.02736	
11.1361	-0.253229	-0.213241	-0.015494	0.00622187	0.992372	
11.1984	-0.266181	-0.202926	-0.015109	0.00614727	0.969439	
11.2252	-0.271565	-0.198558	-0.0149446	0.00611492	0.960232	
11.2252	-0.271565	-0.198558	-0.0149446	0.00611492	0.960232	
11.252	-0.276833	-0.194235	-0.014781	0.00608298	0.950333	
11.3143	-0.288616	-0.184379	-0.0144047	0.0060058	0.928017	
11.4097	-0.305516	-0.169732	-0.013837	0.0058858	0.894534	
11.5354	-0.325672	-0.151309	-0.0131076	0.00572586	0.851258	
11.6871	-0.347021	-0.130314	-0.0122537	0.00552911	0.80038	
11.8601	-0.367607	-0.108002	-0.0113169	0.0053024	0.744286	
12.0487	-0.385834	-0.0855648	-0.0103402	0.00505269	0.685422	
12.247	-0.400628	-0.0640221	-0.00936458	0.00478926	0.626294	
12.4484	-0.411494	-0.0441629	-0.0084265	0.0045223	0.569065	
12.6467	-0.41847	-0.0265212	-0.00755586	0.00426133	0.515622	
12.8353	-0.422021	-0.0113875	-0.00677515	0.00401651	0.467438	
13.0083	-0.422888	0.00114911	-0.00609957	0.00379572	0.425493	
13.16	-0.421944	0.0111463	-0.0055381	0.0036055	0.390482	
13.2857	-0.42006	0.0187495	-0.00509489	0.00345105	0.362723	
13.3811	-0.41801	0.024136	-0.00477093	0.0033353	0.342348	
13.4434	-0.416403	0.0274718	-0.00456563	0.00326092	0.329478	
13.4702	-0.415648	0.0288675	-0.00447859	0.00322942	0.324066	
13.4702	-0.415648	0.0288675	-0.00447859	0.00322942	0.324066	
13.497	-0.414855	0.0302383	-0.00439239	0.0031982	0.318614	
13.5593	-0.412876	0.0333248	-0.00419555	0.00312606	0.306162	
13.6548	-0.409478	0.0378064	-0.00390232	0.00301652	0.287565	
13.7804	-0.404381	0.0432529	-0.00353231	0.00287452	0.264005	
13.9321	-0.397359	0.0491799	-0.00310893	0.00270671	0.236932	
14.1051	-0.388327	0.0551153	-0.0026569	0.00252112	0.207873	
14.2937	-0.377393	0.0606566	-0.00219982	0.00232619	0.178312	
14.492	-0.364871	0.0655097	-0.00175822	0.00213031	0.149559	
14.6935	-0.351253	0.0695047	-0.00134823	0.0019409	0.122665	
14.8917	-0.337155	0.0725915	-0.000981117	0.00176427	0.0983993	
15.0804	-0.323241	0.0748188	-0.000663441	0.00160523	0.0772314	
15.2533	-0.310163	0.0763049	-0.000397839	0.00146711	0.0593957	
15.4051	-0.298512	0.0772065	-0.000184027	0.00135205	0.0449295	
15.5307	-0.28878	0.0776897	-1.99357e-05	0.00126094	0.0337431	
15.6262	-0.281351	0.0779076	9.72512e-05	0.00119421	0.0257147	
15.6884	-0.276499	0.0779837	0.000170269	0.00115181	0.0206644	
15.7153	-0.274407	0.0780008	0.000200919	0.00113367	0.0185037	
15.7153	-0.274407	0.0780008	0.000200919	0.00113367	0.0185037	
15.7421	-0.272315	0.0780087	0.000231084	0.00111564	0.0164338	
15.8043	-0.267459	0.0779927	0.000299251	0.00107463	0.0117203	
15.8998	-0.260017	0.0778779	0.000398922	0.00101356	0.00477149	
16.0254	-0.250251	0.077569	0.000521366	0.000936396	-0.00382045	
16.1772	-0.238523	0.0769743	0.000656684	0.000848081	-0.0134037	
16.3501	-0.225287	0.0760268	0.000795109	0.000753561	-0.0233365	
16.5388	-0.211066	0.0747002	0.000928104	0.000657736	-0.0330183	
16.737	-0.196419	0.073016	0.00104918	0.000565062	-0.0419979	
16.9385	-0.181902	0.0710397	0.00115422	0.000478816	-0.0499642	
17.1368	-0.16803	0.0688722	0.00124137	0.000401619	-0.0567422	
17.3254	-0.155246	0.0666349	0.00131073	0.000334859	-0.0623108	
17.4984	-0.143907	0.0644567	0.00136376	0.000279138	-0.0667063	
17.6501	-0.134277	0.0624616	0.00140269	0.00023468	-0.070051	
17.7757	-0.126537	0.0607586	0.00143001	0.000200737	-0.072494	
17.8712	-0.120799	0.0594376	0.00144802	0.000176828	-0.0741364	
17.9335	-0.117126	0.0585652	0.00145857	0.000162056	-0.0751762	
17.9603	-0.11556	0.0581865	0.00146283	0.000155591	-0.0756755	
17.9603	-0.11556	0.0581865	0.00146283	0.000155591	-0.0756755	
17.9871	-0.114005	0.0578065	0.00146692	0.000149466	-0.0759302	
18.0494	-0.110434	0.0569195	0.0014758	0.00013562	-0.0769565	
18.1448	-0.105065	0.0555438	0.00148769	0.000113726	-0.0782364	
18.2705	-0.0982016	0.0537142	0.00150037	8.88756e-05	-0.0796033	
18.4222	-0.0902206	0.0514772	0.00151171	6.05615e-05	-0.0812019	
18.5952	-0.0815393	0.0489003	0.00151959	3.16659e-05	-0.0824549	
18.7838	-0.0725812	0.046071	0.00152309	5.82058e-06	-0.083597	
18.9821	-0.0637436	0.0430827	0.00152162	-2.01488e-05	-0.0844466	
19.1836	-0.0553689	0.0400466	0.00151542	-4.03649e-05	-0.0848401	
19.3818	-0.0477251	0.0370659	0.0015056	-5.90865e-05	-0.0852229	
19.5704	-0.0409996	0.0342425	0.0014928	-7.56225e-05	-0.0851142	
19.7434	-0.0352991	0.0316732	0.00147871	-8.77178e-05	-0.0850723	
19.8952	-0.0306635	0.0294302	0.00146428	-0.000102966	-0.0849859	
20.0208	-0.0270822	0.0275891	0.00145069	-0.000112516	-0.0845045	
20.1163	-0.0245146	0.0261955	0.00143952	-0.000123393	-0.084945	
20.1785	-0.0229121	0.025289	0.00143151	-0.000132367	-0.0837888	
20.2053	-0.022239	0.0249079	0.001428	-0.000127897	-0.0811107	
20.2053	-0.022239	0.0249079	0.001428	-0.000127897	-0.0811107	
20.2321	-0.0215761	0.0245187	0.00142455	-0.000132844	-0.0865819	
20.2944	-0.0200784	0.0236051	0.0014154	-0.000155353	-0.0836619	
20.3899	-0.017889	0.0222605	0.00140115	-0.00014322	-0.0827273	
20.5155	-0.0152055	0.0204531	0.00138122	-0.000183237	-0.0850538	
20.6672	-0.0122658	0.0183131	0.00135057	-0.000208086	-0.0813481	
20.8402	-0.00930449	0.0159194	0.00131318	-0.000241382	-0.0833892	
21.0288	-0.00655144	0.0132796	0.00125711	-0.000349858	-0.0819085	
21.2271	-0.00418329	0.0106248	0.00118064	-0.00042581	-0.0799457	
21.4286	-0.00231559	0.00790421	0.0010769	-0.000629002	-0.0818298	
21.6268	-0.00100826	0.00532396	0.000929006	-0.000851228	-0.0754583	
21.8155	-0.000221808	0.00301995	0.000747296	-0.00110399	-0.0742602	
21.9885	0.00012392	0.00103565	0.000528587	-0.00140412	-0.0621501	
22.1402	0.000179027	-0.00021531	0.000310117	-0.0014336	-0.0400648	
22.2658	0.000108105	-0.000838659	0.000135965	-0.00130607	-0.0166519	
22.3613	2.7768e-05	-0.000691374	3.03765e-05	-0.000790441	0.0409302	
22.4235	1.31289e-06	-0.000135244	1.35355e-06	-0.000140514	0.0514974	
22.4504	-3.71503e-18	2.84997e-17	1.48331e-18	-8.33358e-19	-2.34969e-08	
