0	-3.7909e-17	-9.09917e-16	2.09433	1.04717	-302.196	
0.0358417	-0.0187453	-0.795817	2.14468	1.62584	-38.5275	
0.119026	-0.106211	-1.53931	2.3033	2.31058	-117.669	
0.24661	-0.481558	-4.07533	2.7174	3.88225	-48.3994	
0.414481	-1.01543	-0.931223	3.13631	-0.0647593	237.956	
0.617243	-0.334689	7.47588	2.44004	-5.56182	219.13	
0.848377	2.02153	11.4479	1.37438	-2.79544	-10.3521	
1.10046	4.50347	7.3642	1.00099	-1.00388	-137.978	
1.36538	5.79851	3.10718	0.699692	-1.03922	-50.6745	
1.63462	6.39101	1.24842	0.51291	-0.555778	-52.4132	
1.89954	6.41281	-0.913068	0.304913	-0.915804	-30.278	
2.15162	6.11276	-1.27191	0.145436	-0.303395	-3.08082	
2.38276	5.77701	-1.72199	0.0853557	-0.322176	-14.6936	
2.58552	5.4049	-1.83015	0.0275712	-0.164483	4.21213	
2.75339	5.10087	-1.85239	0.0104635	-0.108932	-6.79619	
2.88097	4.85932	-1.89095	-0.00546848	-0.100897	3.94313	
2.96416	4.70389	-1.8669	-0.0114873	-0.0671109	-4.13911	
3	4.6366	-1.8811	-0.0142176	-0.0784592	3.37729	
3	4.6366	-1.8811	-0.0142176	-0.0784592	3.37729	
3.03584	4.56948	-1.86657	-0.0166953	-0.062431	1.12293	
3.11903	4.41472	-1.85602	-0.0214459	-0.0543885	0.295307	
3.24661	4.17929	-1.83073	-0.02775	-0.0426447	1.33497	
3.41448	3.8762	-1.77963	-0.0333878	-0.0266341	1.54712	
3.61724	3.52188	-1.71346	-0.0379746	-0.0190053	1.87732	
3.84838	3.13624	-1.62112	-0.0411096	-0.00808059	2.27268	
4.10046	2.74088	-1.51611	-0.0423199	-0.00306886	2.2443	
4.36538	2.35402	-1.40309	-0.0427688	0.000492885	2.44832	
4.63462	1.9923	-1.2845	-0.0419379	0.00476241	2.38195	
4.89954	1.66672	-1.17403	-0.0407095	0.00454718	2.32841	
5.15162	1.38408	-1.06836	-0.0392573	0.00729082	2.34649	
5.38276	1.14791	-0.976642	-0.0374934	0.00721596	2.1512	
5.58552	0.957688	-0.89946	-0.0360823	0.00739887	2.19545	
5.75339	0.812071	-0.836133	-0.0346957	0.00866573	2.05331	
5.88097	0.708248	-0.791664	-0.0336616	0.0075587	1.9928	
5.96416	0.643626	-0.761799	-0.0330083	0.00845424	2.0862	
6	0.61655	-0.749293	-0.0326994	0.00857179	1.85338	
6	0.61655	-0.749293	-0.0326994	0.00857179	1.85338	
6.03584	0.589906	-0.737418	-0.0324007	0.0081885	1.92753	
6.11903	0.529734	-0.709278	-0.0317177	0.00831474	1.93419	
6.24661	0.441942	-0.66727	-0.0306463	0.00838988	1.85525	
6.41448	0.334403	-0.61428	-0.0292511	0.00827847	1.78776	
6.61724	0.216108	-0.553126	-0.0275633	0.00834783	1.69581	
6.84838	0.0958964	-0.48784	-0.0256552	0.00813265	1.58509	
7.10046	-0.0186201	-0.421559	-0.0236277	0.00798425	1.47703	
7.36538	-0.121678	-0.357456	-0.0215381	0.00773977	1.35295	
7.63462	-0.209811	-0.298122	-0.0195064	0.00737485	1.2384	
7.89954	-0.281635	-0.244983	-0.0175855	0.00711425	1.12675	
8.15162	-0.337539	-0.199351	-0.0158421	0.00669973	1.02107	
8.38276	-0.379159	-0.161356	-0.0143317	0.00639589	0.935775	
8.58552	-0.408746	-0.130961	-0.0130614	0.00610381	0.855349	
8.75339	-0.428768	-0.107862	-0.012063	0.00580746	0.797816	
8.88097	-0.441468	-0.0913832	-0.0113315	0.00565908	0.753991	
8.96416	-0.448644	-0.0812201	-0.0108668	0.00550147	0.720906	
9	-0.451478	-0.0769598	-0.0106709	0.00544227	0.716844	
9	-0.451478	-0.0769598	-0.0106709	0.00544227	0.716844	
9.03584	-0.454161	-0.0727539	-0.0104765	0.00540186	0.701887	
9.11903	-0.459817	-0.0633078	-0.0100324	0.00527244	0.673318	
9.24661	-0.467008	-0.0495648	-0.00937228	0.00507851	0.633753	
9.41448	-0.473901	-0.0328041	-0.00854034	0.00483133	0.582315	
9.61724	-0.478662	-0.0144942	-0.00759189	0.00452502	0.523608	
9.84838	-0.47983	0.00397415	-0.00658473	0.00419263	0.461208	
10.1005	-0.476575	0.0213887	-0.00557278	0.00383623	0.39751	
10.3654	-0.468798	0.0368689	-0.00460505	0.00347366	0.336503	
10.6346	-0.457056	0.0499158	-0.00371668	0.00312776	0.279901	
10.8995	-0.442401	0.0603491	-0.00293195	0.00279882	0.229312	
11.1516	-0.426149	0.0682907	-0.00226377	0.00250672	0.18615	
11.3828	-0.409673	0.0740413	-0.00171359	0.00225569	0.15007	
11.5855	-0.394244	0.0779898	-0.00127782	0.00204471	0.121309	
11.7534	-0.380927	0.0805569	-0.000948426	0.00188139	0.0995282	
11.881	-0.370547	0.0821146	-0.000715984	0.001763	0.0839711	
11.9642	-0.36368	0.082958	-0.000572458	0.00168817	0.0743614	
12	-0.360701	0.0832813	-0.000512518	0.00165657	0.0703056	
12	-0.360701	0.0832813	-0.000512518	0.00165657	0.0703056	
12.0358	-0.35771	0.0835809	-0.000453705	0.00162537	0.0663808	
12.119	-0.350732	0.0841882	-0.000321458	0.0015545	0.0574281	
12.2466	-0.339943	0.0848876	-0.000129945	0.00144806	0.0443058	
12.4145	-0.325643	0.0854075	0.000101684	0.00131261	0.0283449	
12.6172	-0.308308	0.0854837	0.000352012	0.0011583	0.0109239	
12.8484	-0.288603	0.0849152	0.000600528	0.000994055	-0.0066805	
13.1005	-0.267349	0.083604	0.000829969	0.000828917	-0.0232346	
13.3654	-0.245457	0.0815706	0.00102844	0.000672204	-0.0379072	
13.6346	-0.223837	0.078935	0.00118978	0.00052876	-0.0502749	
13.8995	-0.20332	0.0758908	0.0013128	0.000402509	-0.0601063	
14.1516	-0.18459	0.072669	0.00140061	0.000296352	-0.0675437	
14.3828	-0.168157	0.0695001	0.00145889	0.000209497	-0.0729203	
14.5855	-0.154358	0.0665931	0.00149432	0.000141224	-0.0765712	
14.7534	-0.143385	0.0641201	0.00151368	9.02384e-05	-0.0789308	
14.881	-0.135326	0.062211	0.00152288	5.43249e-05	-0.0803705	
14.9642	-0.130203	0.0609556	0.00152646	3.19275e-05	-0.0811812	
15	-0.128028	0.0604123	0.00152744	2.23056e-05	-0.0815319	
15	-0.128028	0.0604123	0.00152744	2.23056e-05	-0.0815319	
15.0358	-0.125873	0.0598682	0.00152807	1.29867e-05	-0.0817232	
15.119	-0.120945	0.0586028	0.00152829	-7.33195e-06	-0.0822588	
15.2466	-0.113593	0.0566562	0.00152544	-3.69906e-05	-0.0828769	
15.4145	-0.104297	0.0540935	0.00151623	-7.20815e-05	-0.0832636	
15.6172	-0.0936419	0.0510098	0.00149772	-0.000109786	-0.0832747	
15.8484	-0.0822548	0.0475307	0.00146788	-0.000147326	-0.0826275	
16.1005	-0.0707444	0.0438073	0.00142638	-0.000180786	-0.0812623	
16.3654	-0.059646	0.0399993	0.00137452	-0.000209702	-0.0792403	
16.6346	-0.0493825	0.0362643	0.00131486	-0.000232254	-0.0765968	
16.8995	-0.0402454	0.0327421	0.0012511	-0.000248353	-0.0736108	
17.1516	-0.0323982	0.0295435	0.00118699	-0.000259539	-0.0704529	
17.3828	-0.025895	0.0267516	0.00112625	-0.00026529	-0.0673299	
17.5855	-0.0207093	0.0244167	0.00107217	-0.000267886	-0.0645199	
17.7534	-0.0167668	0.0225665	0.00102714	-0.000268093	-0.0620725	
17.881	-0.0139746	0.021212	0.000993039	-0.000266352	-0.0601965	
17.9642	-0.012246	0.0203524	0.000970941	-0.000264919	-0.0589972	
18	-0.011523	0.0199879	0.00096146	-0.000264116	-0.0584283	
18	-0.011523	0.0199879	0.00096146	-0.000264116	-0.0584283	
18.0358	-0.0108131	0.0196267	0.000952008	-0.000263377	-0.0579946	
18.119	-0.00921495	0.0188006	0.000930137	-0.000262538	-0.0568611	
18.2466	-0.00689536	0.0175686	0.000896727	-0.000261055	-0.0550248	
18.4145	-0.00407771	0.0160129	0.000853143	-0.000258071	-0.0526199	
18.6172	-0.00101326	0.0142319	0.000801256	-0.000253571	-0.0497338	
18.8484	0.00205388	0.0123307	0.000743361	-0.000247163	-0.0464706	
19.1005	0.0049169	0.0104109	0.00068207	-0.000238964	-0.0429872	
19.3654	0.00742617	0.00856079	0.000620002	-0.000229486	-0.0394263	
19.6346	0.00949708	0.0068501	0.000559593	-0.000219142	-0.035928	
19.8995	0.0111066	0.00532686	0.000502932	-0.000208588	-0.0326247	
20.1516	0.0122816	0.00401786	0.000451619	-0.00019856	-0.029618	
20.3828	0.0130828	0.00293227	0.000406769	-0.000189563	-0.0269788	
20.5855	0.0135882	0.00206597	0.0003691	-0.000182124	-0.024771	
20.7534	0.0138789	0.00140657	0.000338989	-0.000176754	-0.023022	
20.881	0.0140283	0.000939182	0.00031667	-0.000173197	-0.0217263	
20.9642	0.0140943	0.000649592	0.000302347	-0.000171276	-0.0209337	
21	0.0141154	0.000528196	0.000296218	-0.000170777	-0.0206355	
21	0.0141154	0.000528196	0.000296218	-0.000170777	-0.0206355	
21.0358	0.0141321	0.000409185	0.000290107	-0.00017009	-0.0201669	
21.119	0.014155	0.000142876	0.000276073	-0.000167209	-0.0192596	
21.2466	0.0141484	-0.000241904	0.000255045	-0.000162438	-0.0179873	
21.4145	0.0140682	-0.000706051	0.000228314	-0.000155936	-0.0163358	
21.6172	0.0138733	-0.00120494	0.000197532	-0.000147701	-0.0144358	
21.8484	0.0135365	-0.00169592	0.000164456	-0.000138524	-0.0123826	
22.1005	0.0130509	-0.00214229	0.000130799	-0.00012852	-0.0102692	
22.3654	0.0124315	-0.00251815	9.81159e-05	-0.000118286	-0.00820365	
22.6346	0.0117123	-0.00280945	6.76466e-05	-0.000108031	-0.00624537	
22.8995	0.0109393	-0.00301379	4.03628e-05	-9.79788e-05	-0.0044706	
23.1516	0.0101624	-0.00313883	1.68619e-05	-8.84322e-05	-0.00290716	
23.3828	0.00942905	-0.0031987	-2.5306e-06	-7.93202e-05	-0.00158497	
23.5855	0.00877855	-0.00321187	-1.77879e-05	-7.11201e-05	-0.000515963	
23.7534	0.00824031	-0.0031968	-2.91183e-05	-6.37314e-05	0.000325049	
23.881	0.00783399	-0.00317074	-3.68679e-05	-5.77339e-05	0.00090696	
23.9642	0.00757117	-0.00314726	-4.15003e-05	-5.35045e-05	0.00132803	
24	0.00745858	-0.00313515	-4.33775e-05	-5.11397e-05	0.00159064	
24	0.00745858	-0.00313515	-4.33775e-05	-5.11397e-05	0.00159064	
24.0358	0.00734645	-0.00312199	-4.51643e-05	-4.86237e-05	0.00168043	
24.119	0.00708808	-0.00308922	-4.89986e-05	-4.37143e-05	0.00193488	
24.2466	0.00669749	-0.00303253	-5.41608e-05	-3.74155e-05	0.00230517	
24.4145	0.00619538	-0.00294782	-5.98726e-05	-3.09511e-05	0.00270901	
24.6172	0.00560913	-0.00283255	-6.55189e-05	-2.49508e-05	0.00313688	
24.8484	0.00497106	-0.00268627	-7.05974e-05	-1.91288e-05	0.00355007	
25.1005	0.00431556	-0.0025123	-7.471e-05	-1.36239e-05	0.00390888	
25.3654	0.00367562	-0.00231703	-7.76166e-05	-8.378e-06	0.00420389	
25.6346	0.00307957	-0.00210927	-7.9196e-05	-3.42328e-06	0.00441553	
25.8995	0.00254851	-0.00189929	-7.94934e-05	1.15578e-06	0.00454963	
26.1516	0.0020952	-0.00169719	-7.86591e-05	5.45253e-06	0.00461051	
26.3828	0.00172431	-0.00151227	-7.69508e-05	9.33386e-06	0.00461081	
26.5855	0.001434	-0.0013517	-7.46962e-05	1.29786e-05	0.00458091	
26.7534	0.00121811	-0.00122065	-7.22367e-05	1.63931e-05	0.0045313	
26.881	0.00106865	-0.00112254	-6.996e-05	1.93788e-05	0.00448708	
26.9642	0.000977908	-0.00105929	-6.82558e-05	2.16336e-05	0.00445068	
27	0.000940426	-0.00103229	-6.74623e-05	2.2638e-05	0.0044205	
27	0.000940426	-0.00103229	-6.74623e-05	2.2638e-05	0.0044205	
27.0358	0.000903905	-0.00100576	-6.66365e-05	2.33695e-05	0.00431104	
27.119	0.000822736	-0.000946141	-6.46585e-05	2.40597e-05	0.00415714	
27.2466	0.00070768	-0.00085808	-6.15485e-05	2.47112e-05	0.00400099	
27.4145	0.000572977	-0.000747902	-5.73255e-05	2.55418e-05	0.00376982	
27.6172	0.000434035	-0.00062432	-5.20885e-05	2.60781e-05	0.00348033	
27.8484	0.000304844	-0.000495741	-4.59776e-05	2.68451e-05	0.00315556	
28.1005	0.000195925	-0.000371336	-3.91263e-05	2.73643e-05	0.00275487	
28.3654	0.000112783	-0.00025953	-3.18936e-05	2.71999e-05	0.00233125	
28.6346	5.60277e-05	-0.000165379	-2.46022e-05	2.68793e-05	0.00189221	
28.8995	2.22544e-05	-9.30328e-05	-1.7642e-05	2.5414e-05	0.00142781	
29.1516	5.5018e-06	-4.27936e-05	-1.15264e-05	2.29928e-05	0.00100904	
29.3828	-5.71735e-07	-1.23657e-05	-6.57435e-06	1.94865e-05	0.000599397	
29.5855	-1.48494e-06	1.46754e-06	-3.11667e-06	1.43509e-05	0.000259651	
29.7534	-8.23324e-07	5.39882e-06	-1.11646e-06	9.38913e-06	3.25171e-05	
29.881	-1.91333e-07	3.71331e-06	-2.15124e-07	4.41887e-06	-0.000192574	
29.9642	-8.50776e-09	6.61757e-07	-8.83107e-09	6.94005e-07	-0.000192445	
30	2.7419e-18	-6.60136e-18	5.5199e-21	1.56792e-19	6.22941e-11	
