0	-0.466667	-4.0	-3.1415	-1.04717	37.4955
0.0151931	-0.526713	-3.90412	-3.1578	-1.09779	38.4036
0.0504547	-0.660312	-3.67062	-3.19848	-1.20846	41.3925
0.104537	-0.848453	-3.2811	-3.26804	-1.35939	45.5854
0.175697	-1.06223	-2.71822	-3.37054	-1.51178	50.4815
0.261646	-1.26436	-1.97659	-3.50538	-1.60729	54.4221
0.359623	-1.41522	-1.10405	-3.66188	-1.55572	54.3055
0.466478	-1.48418	-0.202372	-3.8156	-1.28623	49.139
0.578777	-1.46033	0.592976	-3.93459	-0.805212	38.1311
0.692909	-1.3577	1.16131	-3.99262	-0.201706	23.848
0.805208	-1.20921	1.42605	-3.98035	0.424071	5.01132
0.912063	-1.06026	1.28458	-3.9013	1.06972	-21.7518
1.01004	-0.960292	0.65966	-3.76259	1.79619	-58.2563
1.09599	-0.947872	-0.484868	-3.57185	2.70113	-107.188
1.16715	-1.03351	-2.01994	-3.34366	3.76446	-158.024
1.22123	-1.18369	-3.5934	-3.11373	4.75846	-198.885
1.25649	-1.33121	-4.78948	-2.9341	5.42027	-215.462
1.27169	-1.40799	-5.31585	-2.84982	5.66556	-210.891
1.27169	-1.40799	-5.31585	-2.84982	5.66556	-210.891
1.28688	-1.49277	-5.84976	-2.76208	5.88297	-223.544
1.32214	-1.72184	-7.14531	-2.54699	6.28	-228.004
1.37622	-2.159	-8.95285	-2.20347	6.28	-183.364
1.44738	-2.85544	-10.4056	-1.7916	5.13522	-72.2392
1.53333	-3.76328	-10.4366	-1.42973	3.34242	49.5869
1.63131	-4.72882	-9.17303	-1.17205	2.06412	89.8583
1.73816	-5.62464	-7.60212	-0.992147	1.38888	88.1583
1.85046	-6.38749	-6.002	-0.855003	1.10157	82.0538
1.9646	-6.99136	-4.63774	-0.738868	0.935729	64.3587
2.07689	-7.44804	-3.51243	-0.640484	0.834421	58.2189
2.18375	-7.77253	-2.6032	-0.554625	0.760878	44.5173
2.28173	-7.99458	-1.9384	-0.485007	0.670367	40.8711
2.36768	-8.13703	-1.39252	-0.428766	0.63432	34.0483
2.43883	-8.22335	-1.04345	-0.386177	0.561504	29.3743
2.49292	-8.27238	-0.766434	-0.356416	0.545765	30.85
2.52818	-8.29663	-0.619456	-0.337574	0.514611	21.146
2.54337	-8.30562	-0.559713	-0.329889	0.501119	31.1789
2.54337	-8.30562	-0.559713	-0.329889	0.501119	31.1789
2.55856	-8.31357	-0.489256	-0.322276	0.49932	26.3837
2.59383	-8.32834	-0.351239	-0.305041	0.476606	22.897
2.64791	-8.34198	-0.154977	-0.28021	0.443429	21.8222
2.71907	-8.34442	0.0809813	-0.249987	0.405483	19.0022
2.80502	-8.32674	0.323948	-0.217242	0.357042	16.3172
2.90299	-8.28297	0.563675	-0.184598	0.310875	14.0656
3.00985	-8.21071	0.781038	-0.153857	0.264594	11.4563
3.12215	-8.11217	0.968345	-0.126653	0.221773	9.66264
3.23628	-7.99228	1.12719	-0.103342	0.187447	7.92374
3.34858	-7.85842	1.25231	-0.0840798	0.156329	6.48156
3.45543	-7.71913	1.3521	-0.0686494	0.133695	5.57078
3.55341	-7.58283	1.42742	-0.0564409	0.115395	4.51509
3.63936	-7.45774	1.48229	-0.0471699	0.101154	4.04811
3.71052	-7.35078	1.52272	-0.0402907	0.0921787	3.4841
3.7646	-7.26772	1.5483	-0.0355132	0.0845186	3.10546
3.79986	-7.21284	1.56449	-0.0326015	0.0809293	3.14127
3.81506	-7.18902	1.57101	-0.0313829	0.0793353	2.68293
3.81506	-7.18902	1.57101	-0.0313829	0.0793353	2.68293
3.83025	-7.16511	1.57694	-0.0301928	0.0774022	2.7595
3.86551	-7.10926	1.59064	-0.0275286	0.0738049	2.64597
3.91959	-7.02271	1.6096	-0.0236779	0.0686164	2.34329
3.99075	-6.90739	1.631	-0.0190239	0.0623476	2.0391
4.0767	-6.76625	1.65232	-0.0139498	0.0558653	1.68831
4.17468	-6.60341	1.6708	-0.00880422	0.0493229	1.32633
4.28154	-6.42407	1.68497	-0.00386406	0.0433375	0.994676
4.39383	-6.23429	1.69384	0.000695956	0.0379914	0.669202
4.50797	-6.04073	1.69724	0.00475725	0.0333219	0.390817
4.62027	-5.85017	1.69586	0.00827873	0.0294887	0.143415
4.72712	-5.66921	1.69053	0.0112528	0.0262386	-0.0710539
4.8251	-5.50394	1.68267	0.0136945	0.0236753	-0.237716
4.91105	-5.35969	1.67364	0.015642	0.0216556	-0.384573
4.98221	-5.2409	1.66472	0.0171262	0.0200913	-0.486725
5.03629	-5.15107	1.65721	0.0181839	0.019036	-0.563347
5.07155	-5.09273	1.65192	0.0188429	0.0183387	-0.618915
5.08674	-5.06765	1.64957	0.0191193	0.0180526	-0.625495
5.08674	-5.06765	1.64957	0.0191193	0.0180526	-0.625495
5.10194	-5.0426	1.64718	0.0193916	0.0177821	-0.652825
5.1372	-4.98462	1.64141	0.0200072	0.0171361	-0.701699
5.19128	-4.8961	1.63209	0.020908	0.0161886	-0.766964
5.26244	-4.78042	1.619	0.022018	0.0150186	-0.850595
5.34839	-4.64199	1.60199	0.0232512	0.0136954	-0.943693
5.44637	-4.48604	1.58115	0.0245242	0.0123109	-1.04081
5.55322	-4.31837	1.55682	0.0257645	0.0109211	-1.13771
5.66552	-4.14506	1.52963	0.0269146	0.00958255	-1.22878
5.77965	-3.97212	1.5005	0.0279361	0.00833446	-1.31225
5.89195	-3.80529	1.47051	0.0288074	0.00719802	-1.38531
5.99881	-3.64973	1.44092	0.0295225	0.00619814	-1.4473
6.09678	-3.50992	1.41298	0.0300871	0.00533699	-1.49858
6.18273	-3.38955	1.38791	0.0305149	0.00462502	-1.53848
6.25389	-3.29153	1.36681	0.030824	0.00406448	-1.56914
6.30797	-3.21805	1.35057	0.0310326	0.00365175	-1.59038
6.34324	-3.17062	1.33991	0.0311568	0.00339221	-1.60311
6.35843	-3.15029	1.33529	0.0312075	0.00328166	-1.6093
6.35843	-3.15029	1.33529	0.0312075	0.00328166	-1.6093
6.37362	-3.13004	1.33067	0.0312565	0.00317251	-1.61354
6.40888	-3.08331	1.3199	0.031364	0.00292806	-1.62492
6.46297	-3.01238	1.30327	0.0315125	0.00256333	-1.64223
6.53413	-2.92042	1.28122	0.0316783	0.00210085	-1.66271
6.62008	-2.81145	1.25437	0.0318358	0.00156827	-1.68479
6.71805	-2.69006	1.2235	0.0319609	0.000991396	-1.70628
6.82491	-2.56113	1.18959	0.0320349	0.000400406	-1.7253
6.93721	-2.42956	1.15377	0.0320469	-0.000181187	-1.74096
7.05134	-2.29996	1.11724	0.0319943	-0.000733364	-1.7523
7.16364	-2.17651	1.08127	0.0318833	-0.00123809	-1.75933
7.27049	-2.0628	1.04708	0.0317268	-0.00168615	-1.76255
7.36847	-1.96174	1.01581	0.0315425	-0.00207037	-1.76257
7.45442	-1.87561	0.98847	0.0313508	-0.00238697	-1.7605
7.52558	-1.80607	0.965926	0.0311721	-0.00263544	-1.75734
7.57966	-1.7543	0.948855	0.0310246	-0.00281615	-1.75412
7.61492	-1.72103	0.937758	0.0309233	-0.00293031	-1.75159
7.63011	-1.70682	0.932985	0.0308784	-0.0029783	-1.75025
7.63011	-1.70682	0.932985	0.0308784	-0.0029783	-1.75025
7.64531	-1.69268	0.928218	0.0308328	-0.00302541	-1.74896
7.68057	-1.66015	0.917175	0.0307242	-0.00313257	-1.74594
7.73465	-1.611	0.900299	0.0305505	-0.00329193	-1.74082
7.80581	-1.54772	0.878211	0.030309	-0.00349235	-1.73313
7.89176	-1.47338	0.851728	0.0299989	-0.00372131	-1.72256
7.98974	-1.3914	0.821821	0.0296222	-0.00396568	-1.70876
8.09659	-1.30531	0.789579	0.0291851	-0.00421163	-1.69172
8.20889	-1.21852	0.756151	0.0286987	-0.00444837	-1.67182
8.32302	-1.13414	0.72269	0.0281783	-0.00466724	-1.64955
8.43532	-1.0548	0.690307	0.0276431	-0.00486117	-1.62579
8.54218	-0.982663	0.660017	0.0271146	-0.0050272	-1.60169
8.64015	-0.919338	0.632712	0.0266152	-0.00516426	-1.57835
8.7261	-0.865972	0.609142	0.0261666	-0.00527244	-1.55697
8.79726	-0.823311	0.589907	0.0257885	-0.00535392	-1.53872
8.85135	-0.791799	0.575459	0.0254974	-0.00541147	-1.52457
8.88661	-0.771673	0.56612	0.0253059	-0.00544702	-1.51517
8.9018	-0.763102	0.562116	0.0252231	-0.00546181	-1.51107
8.9018	-0.763102	0.562116	0.0252231	-0.00546181	-1.51107
8.91699	-0.754592	0.558123	0.02514	-0.0054769	-1.50741
8.95226	-0.735075	0.548902	0.0249462	-0.00551284	-1.4981
9.00634	-0.705769	0.534885	0.0246466	-0.00556548	-1.48326
9.0775	-0.668356	0.516678	0.0242483	-0.0056299	-1.46346
9.16345	-0.62488	0.495052	0.0237613	-0.00570068	-1.43896
9.26142	-0.577564	0.470893	0.0231992	-0.00577208	-1.41042
9.36828	-0.528627	0.445154	0.0225787	-0.00583994	-1.37859
9.48058	-0.480124	0.4188	0.0219194	-0.0059004	-1.34444
9.59471	-0.433819	0.392754	0.0212429	-0.00595262	-1.30916
9.70701	-0.391117	0.367863	0.0205719	-0.00599543	-1.27381
9.81386	-0.353044	0.344861	0.0199294	-0.00602944	-1.23984
9.91184	-0.320265	0.32436	0.0193373	-0.00605671	-1.20833
9.99779	-0.293142	0.306843	0.0188158	-0.00607701	-1.18043
10.0689	-0.271813	0.29267	0.0183828	-0.0060929	-1.15734
10.123	-0.256272	0.282099	0.018053	-0.00610425	-1.13951
10.1583	-0.246444	0.275301	0.0178376	-0.00611117	-1.12819
10.1735	-0.242284	0.272394	0.0177448	-0.00611536	-1.12388
10.1735	-0.242284	0.272394	0.0177448	-0.00611536	-1.12388
10.1887	-0.238167	0.269501	0.0176518	-0.00611856	-1.11765
10.2239	-0.228782	0.262842	0.017436	-0.0061237	-1.10642
10.278	-0.21484	0.252768	0.0171045	-0.00613623	-1.08866
10.3492	-0.197317	0.239784	0.0166674	-0.00614743	-1.0646
10.4351	-0.177367	0.224502	0.0161383	-0.00616474	-1.0366
10.5331	-0.156203	0.207617	0.0155332	-0.0061877	-1.00347
10.64	-0.134973	0.189859	0.0148708	-0.00621205	-0.967934
10.7523	-0.114666	0.171922	0.014171	-0.00625311	-0.930492
10.8664	-0.0960482	0.154466	0.0134547	-0.00629851	-0.891683
10.9787	-0.079631	0.138041	0.0127441	-0.00636232	-0.85467
11.0855	-0.065685	0.123101	0.01206	-0.00644255	-0.81805
11.1835	-0.0542701	0.110003	0.0114249	-0.00652778	-0.785378
11.2695	-0.0452928	0.0989656	0.0108595	-0.00663276	-0.75673
11.3406	-0.0385653	0.0901679	0.0103843	-0.00672317	-0.731204
11.3947	-0.0338651	0.0836754	0.0100185	-0.00680873	-0.715752
11.43	-0.0309879	0.0795305	0.00977721	-0.00687355	-0.698687
11.4452	-0.0297929	0.077791	0.0096727	-0.00687915	-0.68084
11.4452	-0.0297929	0.077791	0.0096727	-0.00687915	-0.68084
11.4604	-0.0286242	0.0760395	0.00956802	-0.00691211	-0.703175
11.4956	-0.0260148	0.0719938	0.00932206	-0.00702189	-0.676925
11.5497	-0.0222823	0.0660674	0.00894116	-0.00706659	-0.656284
11.6209	-0.0178551	0.0583889	0.00843117	-0.00729354	-0.643643
11.7068	-0.0132191	0.0496034	0.00779377	-0.00750269	-0.597061
11.8048	-0.00882361	0.0401811	0.00704845	-0.00776077	-0.574671
11.9117	-0.00505795	0.0304448	0.00619342	-0.00822468	-0.527536
12.0239	-0.00216285	0.0212819	0.005253	-0.00851617	-0.475213
12.1381	-0.000228074	0.0127503	0.00425525	-0.00900015	-0.433295
12.2504	0.00078671	0.00560332	0.0032266	-0.00921579	-0.34489
12.3572	0.00108794	0.000224414	0.00224985	-0.00905477	-0.278165
12.4552	0.000917081	-0.0033975	0.0013797	-0.00855194	-0.160477
12.5412	0.00056066	-0.00455668	0.000704359	-0.00697874	-0.0181469
12.6123	0.0002422	-0.00419585	0.000272095	-0.00508265	0.0910383
12.6664	5.30446e-05	-0.00245428	5.59189e-05	-0.00264289	0.318983
12.7017	2.34063e-06	-0.000429481	2.3919e-06	-0.000440742	0.295021
12.7169	-3.61573e-18	5.20659e-18	-2.33039e-19	-4.35224e-19	-2.25269e-07
