0	-0.233333	-6.29062e-15	1.0895e-15	2.09433	-97.9133
0.0358417	-0.249433	-1.0058	0.0557543	0.931767	-210.938
0.119026	-0.446113	-3.52407	0.0221509	-1.45243	-135.93
0.24661	-1.03497	-5.5754	-0.266055	-2.90295	-94.1594
0.414481	-2.18652	-7.94584	-0.865709	-4.00892	-50.0236
0.617243	-3.73595	-6.31031	-1.65817	-3.80613	128.057
0.848377	-4.63071	-1.98954	-2.63803	-4.60924	45.548
1.10046	-5.30364	-4.87802	-3.40658	-0.173263	-170.491
1.36538	-7.71818	-13.3601	-2.54293	5.39916	-176.568
1.63462	-11.9338	-16.2448	-1.37985	2.43121	50.7453
1.89954	-15.6224	-10.9619	-1.05311	0.78514	140.291
2.15162	-17.7927	-6.84907	-0.841935	0.710532	61.7423
2.38276	-19.0979	-4.27512	-0.720599	0.552258	83.8676
2.58552	-19.6921	-1.80189	-0.558593	0.913779	47.0998
2.75339	-19.9211	-1.01706	-0.440831	0.483579	28.8954
2.88097	-20.0	-0.168089	-0.375585	0.594555	39.5578
2.96416	-20.0	0.063575	-0.330592	0.402144	-1.14503
3	-19.9972	0.131803	-0.318346	0.321397	40.9497
3	-19.9972	0.131803	-0.318346	0.321397	40.9497
3.03584	-19.9889	0.317354	-0.305933	0.356456	24.8963
3.11903	-19.9514	0.564854	-0.278839	0.283977	16.1121
3.24661	-19.8573	0.920472	-0.248078	0.217772	18.4326
3.41448	-19.6626	1.38267	-0.212998	0.196043	15.274
3.61724	-19.3365	1.8202	-0.17869	0.145885	12.8794
3.84838	-18.8625	2.27478	-0.146384	0.139654	11.7625
4.10046	-18.2368	2.66565	-0.113104	0.117472	8.51599
4.36538	-17.4882	2.979	-0.0856411	0.0975407	7.5041
4.63462	-16.6485	3.24284	-0.0589194	0.0969309	5.44445
4.89954	-15.7668	3.40111	-0.0366636	0.0714087	3.73959
5.15162	-14.8941	3.52001	-0.0189518	0.0729648	3.20338
5.38276	-14.0725	3.57526	-0.00291114	0.0600194	1.22148
5.58552	-13.3463	3.5889	0.0076385	0.0497476	1.33188
5.75339	-12.7427	3.59714	0.0165607	0.0534062	0.213601
5.88097	-12.2851	3.57459	0.0224753	0.0391394	-0.356656
5.96416	-11.9881	3.56839	0.0257971	0.0435431	0.551807
6	-11.8603	3.56331	0.0273889	0.0434531	-1.44502
6	-11.8603	3.56331	0.0273889	0.0434531	-1.44502
6.03584	-11.7328	3.55298	0.0288509	0.0389529	-0.773064
6.11903	-11.438	3.53528	0.0319973	0.0374419	-0.629201
6.24661	-10.9889	3.50203	0.0366295	0.0344484	-1.15529
6.41448	-10.4056	3.44657	0.0419302	0.0292026	-1.48297
6.61724	-9.71436	3.36909	0.0474787	0.0254957	-1.89686
6.84838	-8.94749	3.26388	0.0527169	0.019714	-2.35017
7.10046	-8.14071	3.13528	0.0570548	0.0151513	-2.65644
7.36538	-7.3294	2.98739	0.0605225	0.0107711	-3.00027
7.63462	-6.54662	2.8259	0.0627668	0.00622383	-3.20573
7.89954	-5.81964	2.66158	0.0640352	0.00338362	-3.35849
8.15162	-5.16896	2.50029	0.0644694	7.12781e-06	-3.47989
8.38276	-4.60827	2.35154	0.0642046	-0.00202038	-3.4882
8.58552	-4.14468	2.2211	0.0636452	-0.00368866	-3.53863
8.75339	-3.7809	2.11315	0.0628777	-0.00529152	-3.50719
8.88097	-3.51645	2.03245	0.0621712	-0.0057756	-3.4892
8.96416	-3.34957	1.97973	0.0616617	-0.0065663	-3.51549
9	-3.27902	1.95718	0.0614207	-0.00681318	-3.43944
9	-3.27902	1.95718	0.0614207	-0.00681318	-3.43944
9.03584	-3.20927	1.93487	0.0611756	-0.00689697	-3.46023
9.11903	-3.05048	1.88305	0.060582	-0.00739586	-3.45397
9.24661	-2.81526	1.80444	0.0595927	-0.00807271	-3.41054
9.41448	-2.5209	1.70283	0.0581762	-0.00880097	-3.35607
9.61724	-2.18784	1.58301	0.0563062	-0.00961517	-3.27528
9.84838	-1.83731	1.45094	0.0540016	-0.010288	-3.16736
10.1005	-1.48911	1.3128	0.0513328	-0.0108674	-3.03996
10.3654	-1.15977	1.17476	0.0483941	-0.011273	-2.89037
10.6346	-0.861472	1.0424	0.0453284	-0.0114795	-2.73171
10.8995	-0.601689	0.920151	0.042272	-0.0115693	-2.56904
11.1516	-0.383604	0.811375	0.0393625	-0.0114917	-2.41003
11.3828	-0.206967	0.718071	0.0367214	-0.0113574	-2.26558
11.5855	-0.0692359	0.641273	0.0344353	-0.0111748	-2.13656
11.7534	0.033333	0.581246	0.0325764	-0.0109729	-2.03254
11.881	0.104694	0.537715	0.0311857	-0.0108237	-1.95366
11.9642	0.148279	0.510322	0.0302904	-0.0106988	-1.90095
12	0.166362	0.498753	0.0299079	-0.010645	-1.88131
12	0.166362	0.498753	0.0299079	-0.010645	-1.88131
12.0358	0.184033	0.487319	0.0295272	-0.0105953	-1.85847
12.119	0.223484	0.461331	0.0286512	-0.0104647	-1.80759
12.2466	0.279873	0.422917	0.0273294	-0.0102555	-1.73148
12.4145	0.346805	0.374989	0.0256317	-0.00996683	-1.63276
12.6172	0.417291	0.32097	0.0236482	-0.00959469	-1.51666
12.8484	0.484838	0.264378	0.0214815	-0.00915098	-1.3889
13.1005	0.54431	0.208461	0.019238	-0.00864597	-1.25538
13.3654	0.592436	0.155889	0.0170194	-0.00810143	-1.12233
13.6346	0.627906	0.108579	0.0149132	-0.00754302	-0.994895
13.8995	0.651132	0.0676655	0.0129879	-0.00699317	-0.877448
14.1516	0.663796	0.0335672	0.0112902	-0.00647825	-0.77316
14.3828	0.668318	0.00615559	0.00984646	-0.00601567	-0.683783
14.5855	0.667372	-0.0150614	0.008667	-0.00562045	-0.610411
14.7534	0.663504	-0.0307535	0.00775021	-0.00530351	-0.553076
14.881	0.658878	-0.0416044	0.00708864	-0.00506817	-0.51152
14.9642	0.655141	-0.0482017	0.00667329	-0.00491879	-0.485549
15	0.653364	-0.0509322	0.00649812	-0.00485618	-0.474658
15	0.653364	-0.0509322	0.00649812	-0.00485618	-0.474658
15.0358	0.65149	-0.0535959	0.00632518	-0.00479407	-0.463644
15.119	0.646783	-0.0595233	0.00593239	-0.00464977	-0.438667
15.2466	0.638643	-0.0679429	0.0053532	-0.00442998	-0.401728
15.4145	0.626389	-0.0778384	0.00463353	-0.00414514	-0.355595
15.6172	0.609535	-0.0881087	0.00382715	-0.00381083	-0.303608
15.8484	0.588016	-0.0977445	0.00298888	-0.00344565	-0.249143
16.1005	0.562292	-0.105967	0.00216834	-0.00306829	-0.195346
16.3654	0.533331	-0.112304	0.00140527	-0.00269678	-0.144791
16.6346	0.502469	-0.116605	0.000727062	-0.00234547	-0.0993039
16.8995	0.471225	-0.11899	0.000148602	-0.00202594	-0.0600049
17.1516	0.441102	-0.119778	-0.000326304	-0.00174576	-0.0272597
17.3828	0.413443	-0.119396	-0.000702045	-0.00150873	-0.000967209
17.5855	0.389333	-0.118304	-0.000988257	-0.00131688	0.0193563
17.7534	0.369583	-0.116927	-0.00119676	-0.0011688	0.0343934
17.881	0.354746	-0.115625	-0.00133907	-0.00106314	0.0447404
17.9642	0.345167	-0.114667	-0.00142476	-0.000997134	0.0511648
18	0.341065	-0.114228	-0.00145998	-0.000968402	0.0540033
18	0.341065	-0.114228	-0.00145998	-0.000968402	0.0540033
18.0358	0.336979	-0.113774	-0.00149417	-0.000939216	0.0566361
18.119	0.327561	-0.112665	-0.00156951	-0.000872575	0.0623884
18.2466	0.313302	-0.110827	-0.00167456	-0.000775324	0.0704479
18.4145	0.294916	-0.108182	-0.00179462	-0.000656564	0.0798921
18.6172	0.27333	-0.104689	-0.0019142	-0.000525092	0.0896706
18.8484	0.249624	-0.100383	-0.00201965	-0.000389869	0.0987992
19.1005	0.224945	-0.095379	-0.00210104	-0.000258539	0.106557
19.3654	0.200402	-0.089872	-0.00215309	-0.000137141	0.112475
19.6346	0.176977	-0.0841102	-0.00217527	-3.02953e-05	0.116416
19.8995	0.155455	-0.0783619	-0.00217101	6.01285e-05	0.118518
20.1516	0.136392	-0.0728852	-0.00214635	0.000133561	0.119075
20.3828	0.120123	-0.0679036	-0.00210867	0.00019111	0.118544
20.5855	0.106793	-0.0635929	-0.00206535	0.000235193	0.117363
20.7534	0.096413	-0.0600815	-0.0020231	0.000267625	0.115943
20.881	0.0889156	-0.0574536	-0.00198748	0.000290696	0.114661
20.9642	0.0842069	-0.0557616	-0.00196269	0.000304883	0.113625
21	0.0822213	-0.0550387	-0.00195167	0.000310146	0.113039
21	0.0822213	-0.0550387	-0.00195167	0.000310146	0.113039
21.0358	0.0802615	-0.0543204	-0.00194048	0.000314312	0.112398
21.119	0.0758117	-0.0526694	-0.00191401	0.000321851	0.111144
21.2466	0.0692514	-0.0501773	-0.00187225	0.000332674	0.109297
21.4145	0.0610982	-0.0469746	-0.00181526	0.000346002	0.106648
21.6172	0.0519555	-0.0432294	-0.00174371	0.000359206	0.103202
21.8484	0.0424408	-0.0391326	-0.00165929	0.000370593	0.0990014
22.1005	0.0331167	-0.0348841	-0.00156484	0.000377952	0.0941375
22.3654	0.0244387	-0.030674	-0.00146425	0.000380654	0.0888405
22.6346	0.0167254	-0.0266671	-0.00136189	0.00037899	0.0833261
22.8995	0.0101532	-0.0229938	-0.00126215	0.000373389	0.077858
23.1516	0.00477152	-0.0197444	-0.00116899	0.000365329	0.0726794
23.3828	0.000532004	-0.0169729	-0.00108563	0.000355568	0.0679647
23.5855	-0.00267678	-0.0147027	-0.00101458	0.000344992	0.0638868
23.7534	-0.00499516	-0.012935	-0.000957518	0.000334453	0.0605351
23.881	-0.00656343	-0.0116588	-0.00091545	0.000324741	0.05801
23.9642	-0.00749975	-0.0108572	-0.000888724	0.000317802	0.0564281
24	-0.00788282	-0.0105189	-0.000877387	0.00031486	0.0557786
24	-0.00788282	-0.0105189	-0.000877387	0.00031486	0.0557786
24.0358	-0.00825382	-0.0101837	-0.000866139	0.000313097	0.0554559
24.119	-0.00906897	-0.00941847	-0.000840155	0.000311706	0.0540635
24.2466	-0.010198	-0.0082883	-0.000800605	0.000307943	0.0517413
24.4145	-0.0114698	-0.00687875	-0.00074938	0.000302438	0.0488466
24.6172	-0.0127015	-0.00529208	-0.0006888	0.000294663	0.0452974
24.8484	-0.0137302	-0.00363496	-0.000621881	0.000284606	0.041442
25.1005	-0.014437	-0.00200257	-0.000551326	0.000275215	0.0373507
25.3654	-0.0147615	-0.000479389	-0.000479812	0.000264705	0.0331596
25.6346	-0.0147037	0.000877442	-0.000409716	0.000256583	0.0291312
25.8995	-0.0143145	0.00203042	-0.000342631	0.000249711	0.0251747
26.1516	-0.0136817	0.00296477	-0.000280434	0.000244512	0.0216156
26.3828	-0.0129103	0.00368934	-0.000224063	0.000243507	0.0183744
26.5855	-0.0121068	0.00422002	-0.000174768	0.00024308	0.0155635
26.7534	-0.0113664	0.00459111	-0.000133652	0.000247923	0.0134617
26.881	-0.0107649	0.00483056	-0.000101677	0.000252753	0.0115198
26.9642	-0.0103574	0.00496612	-8.05485e-05	0.000256254	0.0108184
27	-0.0101784	0.00502459	-7.12668e-05	0.000262723	0.011445
27	-0.0101784	0.00502459	-7.12668e-05	0.000262723	0.011445
27.0358	-0.00999734	0.00507385	-6.18036e-05	0.00026272	0.00818595
27.119	-0.00957152	0.00516373	-4.04987e-05	0.000252565	0.00782435
27.2466	-0.00890395	0.00529538	-7.56641e-06	0.000264014	0.00622832
27.4145	-0.0080067	0.00537605	3.59474e-05	0.000249195	0.00231096
27.6172	-0.00691466	0.00538664	8.52988e-05	0.000245294	0.000488671
27.8484	-0.00567798	0.00528386	0.000142797	0.000243554	-0.00425493
28.1005	-0.00438159	0.0049765	0.000199147	0.000206045	-0.00806971
28.3654	-0.00311993	0.004523	0.000252246	0.000193645	-0.0117739
28.6346	-0.00198865	0.00383766	0.000295788	0.000116084	-0.0175664
28.8995	-0.00108145	0.00299637	0.000313479	2.16738e-05	-0.0200143
29.1516	-0.000439214	0.00206485	0.000304395	-0.000116216	-0.0250276
29.3828	-7.67034e-05	0.00106815	0.000252506	-0.000332843	-0.0257599
29.5855	5.82405e-05	0.000287603	0.000170553	-0.000465856	-0.0216117
29.7534	5.95987e-05	-0.000243323	8.4326e-05	-0.000550021	-0.0148312
29.881	1.79639e-05	-0.00031877	2.02922e-05	-0.000385255	0.0107614
29.9642	9.02119e-07	-6.90172e-05	9.36637e-07	-7.24259e-05	0.0193002
30	-9.92202e-18	9.43005e-17	5.44853e-18	-3.75903e-18	-6.89701e-09
