0	0.233333	1.33333	-1.04717	-3.1415	47.0079
0.0358417	0.282829	1.3564	-1.15913	-3.14176	-27.7582
0.119026	0.374531	0.886876	-1.42785	-3.29592	-15.7983
0.24661	0.511925	1.52829	-1.85986	-3.51537	56.643
0.414481	0.867756	2.42021	-2.46515	-3.51418	0.160591
0.617243	1.34447	2.44547	-3.08506	-2.64694	26.3265
0.848377	2.08718	3.93064	-3.64128	-1.96031	15.9134
1.10046	2.82895	0.586209	-3.65504	2.54157	-175.139
1.36538	1.84997	-7.85337	-2.38747	5.78127	-164.686
1.63462	-0.816646	-10.4071	-1.23012	2.36753	42.4308
1.89954	-3.09337	-6.32224	-0.879655	0.968525	107.495
2.15162	-4.23221	-3.18856	-0.61438	0.951958	43.3182
2.38276	-4.80374	-1.7368	-0.45455	0.567766	44.0575
2.58552	-5.00764	-0.371669	-0.317145	0.730844	26.9716
2.75339	-5.03228	0.000456508	-0.222318	0.380489	11.6277
2.88097	-5.00838	0.420857	-0.174438	0.42308	21.9918
2.96416	-4.96602	0.529997	-0.141586	0.308355	-4.28012
3	-4.9471	0.551362	-0.131964	0.255789	23.1064
3	-4.9471	0.551362	-0.131964	0.255789	23.1064
3.03584	-4.92539	0.649281	-0.122141	0.281775	12.0827
3.11903	-4.86672	0.747583	-0.100514	0.229483	5.56372
3.24661	-4.76388	0.868274	-0.0756989	0.171947	6.40912
3.41448	-4.60535	1.00774	-0.0495256	0.136995	3.82701
3.61724	-4.39197	1.08807	-0.0276713	0.0821107	2.15667
3.84838	-4.13232	1.15606	-0.0116075	0.0622488	1.68
4.10046	-3.83649	1.1795	0.00149641	0.0383606	0.0776541
4.36538	-3.52556	1.16848	0.0086872	0.0216831	0.0743237
4.63462	-3.21238	1.153	0.0146764	0.0206328	-0.555777
4.89954	-2.91294	1.10483	0.0181653	0.00628682	-0.941845
5.15162	-2.6396	1.06594	0.0198665	0.00954895	-0.699159
5.38276	-2.39816	1.01856	0.0218398	0.00419706	-1.37745
5.58552	-2.19667	0.971907	0.0219998	0.000761158	-0.910457
5.75339	-2.03597	0.940988	0.0226222	0.00478365	-1.26683
5.88097	-1.91809	0.906423	0.0228115	-0.00186264	-1.36617
5.96416	-1.84339	0.891109	0.022736	0.00161418	-0.730361
6	-1.81157	0.883658	0.0228182	0.00194183	-1.80115
6	-1.81157	0.883658	0.0228182	0.00194183	-1.80115
6.03584	-1.78009	0.873577	0.022841	-0.000200869	-1.36646
6.11903	-1.70821	0.85496	0.0228101	-0.000123105	-1.16195
6.24661	-1.60094	0.826141	0.022803	-0.000400717	-1.27954
6.41448	-1.46556	0.787102	0.0226166	-0.0015472	-1.24507
6.61724	-1.31058	0.741617	0.0223069	-0.00154627	-1.23892
6.84838	-1.14521	0.689265	0.021841	-0.00257737	-1.25243
7.10046	-0.978504	0.633887	0.0211227	-0.00290223	-1.1967
7.36538	-0.818051	0.577563	0.0203345	-0.00323001	-1.18768
7.63462	-0.670106	0.521893	0.0193639	-0.00383148	-1.13235
7.89954	-0.538735	0.470319	0.018368	-0.00370251	-1.08193
8.15162	-0.426177	0.423008	0.0173869	-0.00413981	-1.04655
8.38276	-0.333187	0.382139	0.0164217	-0.00407667	-0.976388
8.58552	-0.25917	0.348098	0.0156086	-0.0040674	-0.953701
8.75339	-0.203041	0.32088	0.0149033	-0.00425285	-0.902827
8.88097	-0.163354	0.301364	0.0143757	-0.00402095	-0.87305
8.96416	-0.138811	0.288721	0.0140377	-0.00415771	-0.877152
9	-0.128559	0.283397	0.0138879	-0.00416687	-0.830011
9	-0.128559	0.283397	0.0138879	-0.00416687	-0.830011
9.03584	-0.118494	0.27822	0.0137403	-0.00408635	-0.838142
9.11903	-0.0958504	0.266232	0.0134011	-0.00408303	-0.827241
9.24661	-0.0630289	0.248405	0.0128809	-0.00405527	-0.79445
9.41448	-0.0232244	0.226005	0.0122074	-0.00397581	-0.758168
9.61724	0.0199787	0.200418	0.0114073	-0.00391183	-0.713102
9.84838	0.0631258	0.173289	0.0105177	-0.00377858	-0.661403
10.1005	0.103325	0.146047	0.00958321	-0.00364043	-0.608574
10.3654	0.138505	0.119981	0.00863929	-0.00347587	-0.552711
10.6346	0.167538	0.0960993	0.00772989	-0.00328237	-0.499567
10.8995	0.19015	0.074997	0.00688331	-0.00310671	-0.449349
11.1516	0.206751	0.0570566	0.00612437	-0.00291165	-0.403356
11.3828	0.218204	0.0423075	0.00547105	-0.00274601	-0.364629
11.5855	0.22558	0.0306433	0.00492885	-0.00259741	-0.330911
11.7534	0.229976	0.0218539	0.00450403	-0.00246693	-0.305397
11.881	0.232364	0.0156549	0.00419472	-0.00238173	-0.286437
11.9642	0.233507	0.0118457	0.00399926	-0.0023159	-0.273566
12	0.233903	0.0102559	0.00391675	-0.00228946	-0.269902
12	0.233903	0.0102559	0.00391675	-0.00228946	-0.269902
12.0358	0.234242	0.00869398	0.0038351	-0.00226636	-0.264256
12.119	0.234819	0.00519426	0.00364905	-0.00220619	-0.252442
12.2466	0.235155	0.000141098	0.00337342	-0.0021153	-0.235452
12.4145	0.234659	-0.00595134	0.00302811	-0.0019987	-0.213838
12.6172	0.232773	-0.0125072	0.00263706	-0.00185928	-0.189267
12.8484	0.229114	-0.0189834	0.00222507	-0.00170675	-0.163243
13.1005	0.223556	-0.024928	0.00181519	-0.00154612	-0.137074
13.3654	0.216252	-0.0300306	0.0014271	-0.00138549	-0.112143
13.6346	0.20759	-0.0341338	0.00107494	-0.00123174	-0.0892619
13.8995	0.19812	-0.0372166	0.000767773	-0.00108877	-0.0691051
14.1516	0.188452	-0.0393691	0.000509465	-0.000962156	-0.051993
14.3828	0.179183	-0.0407464	0.000299812	-0.000852981	-0.0379114
14.5855	0.170835	-0.0415355	0.000136078	-0.000763116	-0.0268381
14.7534	0.163826	-0.0419222	1.38999e-05	-0.000693002	-0.0184528
14.881	0.158467	-0.0420678	-7.1218e-05	-0.00064166	-0.01257
14.9642	0.154966	-0.042099	-0.000123254	-0.000609639	-0.0089705
15	0.153457	-0.0420975	-0.00014486	-0.000595985	-0.00739799
15	0.153457	-0.0420975	-0.00014486	-0.000595985	-0.00739799
15.0358	0.151948	-0.0420872	-0.000165977	-0.000582391	-0.00595518
15.119	0.148449	-0.0420314	-0.000213146	-0.000551885	-0.00265829
15.2466	0.143097	-0.0418622	-0.000280661	-0.000506782	0.00213118
15.4145	0.136098	-0.041497	-0.000360955	-0.000450422	0.00788426
15.6172	0.127745	-0.0408626	-0.000445765	-0.000386932	0.0140677
15.8484	0.118405	-0.0399148	-0.000527377	-0.000320251	0.0201614
16.1005	0.108498	-0.0386518	-0.000599649	-0.000254312	0.0257305
16.3654	0.0984579	-0.0371148	-0.000658641	-0.000192236	0.0304904
16.6346	0.0886949	-0.0353807	-0.000702709	-0.00013628	0.0342886
16.8995	0.0795623	-0.0335481	-0.000732262	-8.78857e-05	0.0371146
17.1516	0.0713342	-0.0317226	-0.000749214	-4.75007e-05	0.0390585
17.3828	0.0642001	-0.0300035	-0.000756363	-1.50723e-05	0.0402702
17.5855	0.0582712	-0.0284757	-0.000756828	9.97587e-06	0.0409356
17.7534	0.0535976	-0.0272057	-0.000753576	2.84189e-05	0.0412297
17.881	0.0501881	-0.0262414	-0.000749131	4.10692e-05	0.0413139
17.9642	0.0480313	-0.0256144	-0.000745393	4.87255e-05	0.0413081
18	0.0471181	-0.0253449	-0.00074359	5.18639e-05	0.0412864
18	0.0471181	-0.0253449	-0.00074359	5.18639e-05	0.0412864
18.0358	0.0462145	-0.0250757	-0.000741676	5.49361e-05	0.0412734
18.119	0.0441545	-0.0244529	-0.000736814	6.18945e-05	0.0411984
18.2466	0.0410954	-0.0235036	-0.000728274	7.18357e-05	0.0409961
18.4145	0.0372537	-0.0222686	-0.000715209	8.35705e-05	0.0405985
18.6172	0.0328876	-0.0208032	-0.000696986	9.5838e-05	0.0399358
18.8484	0.0282683	-0.0191747	-0.00067345	0.000107407	0.0389695
19.1005	0.0236526	-0.0174581	-0.000645063	0.000117381	0.0377023
19.3654	0.0192584	-0.0157289	-0.000612875	0.000125184	0.0361741
19.6346	0.0152505	-0.0140572	-0.000578387	0.000130606	0.0344617
19.8995	0.0117345	-0.0125018	-0.000543322	0.00013378	0.0326602
20.1516	0.00876055	-0.0111074	-0.000509407	0.000135034	0.030871
20.3828	0.00633374	-0.00990369	-0.000478193	0.00013486	0.0291906
20.5855	0.00442762	-0.00890712	-0.000450944	0.000133779	0.0276995
20.7534	0.00299864	-0.00812401	-0.000428604	0.000132294	0.0264624
20.881	0.00199873	-0.00755413	-0.000411815	0.00013085	0.0255244
20.9642	0.00138538	-0.00719425	-0.000400975	0.000129769	0.0249149
21	0.00113026	-0.00704201	-0.000396332	0.000129272	0.0246537
21	0.00113026	-0.00704201	-0.000396332	0.000129272	0.0246537
21.0358	0.000880563	-0.00689147	-0.000391708	0.000128753	0.0243906
21.119	0.000321622	-0.0065486	-0.000381051	0.000127481	0.0237889
21.2466	-0.000481213	-0.00604015	-0.000364915	0.000125444	0.0228757
21.4145	-0.00144119	-0.00540286	-0.000344093	0.000122589	0.0216885
21.6172	-0.00246256	-0.00468026	-0.000319608	0.000118884	0.0202823
21.8484	-0.00345497	-0.00391775	-0.000292647	0.000114355	0.0187198
22.1005	-0.00434525	-0.00315801	-0.000264478	0.000109092	0.0170728
22.3654	-0.00508466	-0.00243695	-0.000236338	0.000103315	0.0154133
22.6346	-0.00565085	-0.00178144	-0.000209333	9.72613e-05	0.013806
22.8995	-0.00604535	-0.00120839	-0.000184366	9.12184e-05	0.0123082
23.1516	-0.00628786	-0.000725528	-0.000162098	8.54493e-05	0.0109605
23.3828	-0.00640931	-0.000333134	-0.00014296	8.01597e-05	0.0097933
23.5855	-0.00644517	-2.62634e-05	-0.000127174	7.55591e-05	0.00882326
23.7534	-0.00643005	0.000202746	-0.000114809	7.17409e-05	0.00805606
23.881	-0.00639388	0.000362319	-0.000105842	6.8844e-05	0.00749846
23.9642	-0.00635964	0.000459879	-0.000100193	6.69597e-05	0.00714126
24	-0.00634243	0.000500337	-9.7808e-05	6.6111e-05	0.00698264
24	-0.00634243	0.000500337	-9.7808e-05	6.6111e-05	0.00698264
24.0358	-0.00632379	0.00053994	-9.54531e-05	6.53217e-05	0.00685893
24.119	-0.00627515	0.000628575	-9.00888e-05	6.36452e-05	0.00652291
24.2466	-0.00618676	0.000755343	-8.21385e-05	6.09988e-05	0.00602662
24.4145	-0.00604703	0.000906399	-7.21658e-05	5.78826e-05	0.00541524
24.6172	-0.00584666	0.00106591	-6.0795e-05	5.42629e-05	0.00469717
24.8484	-0.00558204	0.00121897	-4.87141e-05	5.03743e-05	0.00394657
25.1005	-0.00525709	0.00135379	-3.6488e-05	4.66579e-05	0.00317632
25.3654	-0.00488343	0.00146156	-2.46397e-05	4.28373e-05	0.00242371
25.6346	-0.00447881	0.00153889	-1.3557e-05	3.96112e-05	0.00173044
25.8995	-0.00406432	0.00158556	-3.44805e-06	3.66837e-05	0.00107736
26.1516	-0.00366172	0.00160483	5.46529e-06	3.41644e-05	0.00051721
26.3828	-0.00329065	0.00160292	1.31545e-05	3.23672e-05	2.12834e-05
26.5855	-0.00296712	0.00158608	1.95358e-05	3.05857e-05	-0.000394872
26.7534	-0.00270271	0.00156271	2.45854e-05	2.97084e-05	-0.000694312
26.881	-0.00250478	0.00153906	2.83335e-05	2.88897e-05	-0.000980083
26.9642	-0.00237751	0.00152088	3.07041e-05	2.82831e-05	-0.00105175
27	-0.00232313	0.00151334	3.17258e-05	2.89209e-05	-0.000908916
27	-0.00232313	0.00151334	3.17258e-05	2.89209e-05	-0.000908916
27.0358	-0.00226904	0.00150454	3.2764e-05	2.85958e-05	-0.00140904
27.119	-0.00214487	0.00148107	3.50331e-05	2.65437e-05	-0.00137344
27.2466	-0.00195809	0.00144634	3.85249e-05	2.82418e-05	-0.00153407
27.4145	-0.00171993	0.0013887	4.30923e-05	2.52854e-05	-0.00205132
27.6172	-0.00144624	0.00131054	4.79781e-05	2.42522e-05	-0.00216522
27.8484	-0.00115448	0.00121036	5.36821e-05	2.36243e-05	-0.00274771
28.1005	-0.000865695	0.0010785	5.87474e-05	1.70644e-05	-0.00313245
28.3654	-0.00059933	0.000930226	6.30414e-05	1.51957e-05	-0.00348005
28.6346	-0.000371875	0.000754256	6.57202e-05	2.41425e-06	-0.00417833
28.8995	-0.000196982	0.000565786	6.42532e-05	-1.26237e-05	-0.00429587
29.1516	-7.77494e-05	0.000376293	5.88028e-05	-3.43285e-05	-0.00487216
29.3828	-1.25993e-05	0.000188452	4.68751e-05	-6.86762e-05	-0.00473705
29.5855	1.07924e-05	4.76617e-05	3.08166e-05	-8.79117e-05	-0.00381894
29.7534	1.05983e-05	-4.45709e-05	1.49647e-05	-9.89539e-05	-0.00252675
29.881	3.15841e-06	-5.62458e-05	3.56714e-06	-6.79336e-05	0.00194127
29.9642	1.57925e-07	-1.20889e-05	1.63967e-07	-1.26857e-05	0.00338512
30	-9.50746e-18	1.17159e-16	6.88341e-18	-3.64359e-18	-1.20571e-09
