0	0.466667	1.33333	-2.09433	4.14576e-17	-92.0036
0.0358417	0.512256	1.34689	-2.0986	-0.301667	52.8987
0.119026	0.649039	1.77812	-2.1599	-1.0544	-5.53786
0.24661	0.866649	1.81205	-2.32766	-1.63773	36.9573
0.414481	1.29348	3.23448	-2.70161	-2.66045	32.7792
0.617243	1.97947	3.4036	-3.19298	-1.97944	11.6125
0.848377	2.92398	5.01756	-3.59766	-1.62238	43.3265
1.10046	4.10067	2.86126	-3.70052	1.72678	-157.978
1.36538	3.75192	-5.57885	-2.54415	6.00047	-175.945
1.63462	1.60156	-8.9061	-1.24759	2.82404	22.8269
1.89954	-0.363059	-5.32677	-0.85158	1.00016	106.022
2.15162	-1.25182	-2.24135	-0.560026	1.07949	36.7558
2.38276	-1.64486	-1.12649	-0.395254	0.516054	39.3872
2.58552	-1.7286	0.216075	-0.255302	0.803344	23.9458
2.75339	-1.67248	0.342948	-0.158732	0.308687	3.11268
2.88097	-1.6086	0.753484	-0.116969	0.440485	24.9448
2.96416	-1.54026	0.773368	-0.0826546	0.278812	-19.9162
3	-1.51392	0.743979	-0.074939	0.201465	30.7376
3	-1.51392	0.743979	-0.074939	0.201465	30.7376
3.03584	-1.48487	0.858078	-0.0661846	0.26718	11.0587
3.11903	-1.41087	0.898397	-0.0457939	0.205759	0.310153
3.24661	-1.29471	0.935464	-0.0249627	0.141741	3.49622
3.41448	-1.13136	0.995126	-0.00254295	0.117691	0.449129
3.61724	-0.932345	0.960391	0.0140669	0.0506054	-1.02706
3.84838	-0.713887	0.93355	0.0236624	0.0404652	-0.565864
4.10046	-0.485988	0.860855	0.031638	0.0153674	-2.4274
4.36538	-0.27205	0.761737	0.0321758	-0.00152781	-1.56129
4.63462	-0.0765544	0.686287	0.0333806	0.00577916	-2.07324
4.89954	0.0909401	0.576964	0.0321696	-0.0140463	-2.24417
5.15162	0.226473	0.50489	0.0294988	-0.00315712	-1.40741
5.38276	0.335276	0.429938	0.0287191	-0.00977093	-2.34177
5.58552	0.415088	0.364061	0.0257546	-0.0132991	-1.24268
5.75339	0.473444	0.328837	0.0245911	-0.0040647	-1.73488
5.88097	0.512619	0.284772	0.0233905	-0.0147931	-1.7843
5.96416	0.53558	0.27053	0.0223455	-0.00749748	-0.560512
6	0.545175	0.263068	0.0221277	-0.00654323	-2.48634
6	0.545175	0.263068	0.0221277	-0.00654323	-2.48634
6.03584	0.554373	0.250975	0.0218143	-0.0100933	-1.66457
6.11903	0.574431	0.232203	0.0209827	-0.0091401	-1.23108
6.24661	0.602311	0.204333	0.0199067	-0.00850002	-1.36235
6.41448	0.633487	0.167925	0.0183793	-0.00922141	-1.20215
6.61724	0.663625	0.129967	0.0166719	-0.00771762	-1.09228
6.84838	0.688873	0.0889277	0.0148693	-0.00808237	-1.0281
7.10046	0.706235	0.0501148	0.0128927	-0.0072319	-0.854091
7.36538	0.714776	0.0148509	0.0111209	-0.00650846	-0.785964
7.63462	0.714354	-0.0169612	0.00934338	-0.00645646	-0.655709
7.89954	0.706416	-0.0422014	0.00779693	-0.00527491	-0.554164
8.15162	0.693045	-0.0634775	0.00647899	-0.0053066	-0.495031
8.38276	0.676459	-0.0792971	0.00530808	-0.00459758	-0.383978
8.58552	0.659196	-0.0908944	0.00444513	-0.00415441	-0.365126
8.75339	0.643178	-0.0996011	0.00373293	-0.00418403	-0.294751
8.88097	0.630139	-0.104675	0.00324009	-0.00355218	-0.260794
8.96416	0.62129	-0.108141	0.00294322	-0.00368671	-0.28288
9	0.617388	-0.109485	0.00281037	-0.00365672	-0.202777
9	0.617388	-0.109485	0.00281037	-0.00365672	-0.202777
9.03584	0.613445	-0.110606	0.00268334	-0.00346312	-0.22403
9.11903	0.604129	-0.113344	0.00240094	-0.00335548	-0.219667
9.24661	0.589425	-0.11704	0.00198306	-0.0031683	-0.184978
9.41448	0.569435	-0.120974	0.00147737	-0.00287571	-0.153855
9.61724	0.544515	-0.124623	0.000919757	-0.00262338	-0.116642
9.84838	0.515376	-0.12726	0.000352748	-0.00227941	-0.0765671
10.1005	0.483096	-0.128618	-0.000181447	-0.0019768	-0.0418123
10.3654	0.449	-0.128531	-0.000666719	-0.00167717	-0.00629907
10.6346	0.414567	-0.127033	-0.0010756	-0.0013739	0.0221212
10.8995	0.381229	-0.124484	-0.00140927	-0.00114772	0.0462427
11.1516	0.350253	-0.121145	-0.00166893	-0.000910532	0.0668027
11.3828	0.322666	-0.11749	-0.00185804	-0.000737972	0.0801324
11.5855	0.299201	-0.113894	-0.00199433	-0.000600471	0.0923227
11.7534	0.28035	-0.110664	-0.00208455	-0.000480337	0.0992167
11.881	0.266393	-0.108117	-0.00214179	-0.000418199	0.104015
11.9642	0.257471	-0.106392	-0.00217444	-0.000363866	0.108274
12	0.253671	-0.105642	-0.00218709	-0.000344313	0.107003
12	0.253671	-0.105642	-0.00218709	-0.000344313	0.107003
12.0358	0.249898	-0.10489	-0.00219919	-0.000329748	0.109445
12.119	0.241247	-0.10311	-0.0022247	-0.000282759	0.112578
12.2466	0.228268	-0.100328	-0.0022564	-0.000216114	0.115617
12.4145	0.211738	-0.0965944	-0.0022861	-0.000138325	0.119324
12.6172	0.192618	-0.0919949	-0.00230506	-5.05471e-05	0.122546
12.8484	0.171967	-0.0866891	-0.00230669	3.39402e-05	0.124752
13.1005	0.150847	-0.0808784	-0.00228778	0.000114517	0.125896
13.3654	0.130226	-0.0748061	-0.00224762	0.000186058	0.125536
13.6346	0.110906	-0.068731	-0.00218934	0.000245114	0.123989
13.8995	0.0934742	-0.0628933	-0.00211775	0.000293561	0.121401
14.1516	0.0783029	-0.0575065	-0.00203907	0.000329222	0.118112
14.3828	0.0655661	-0.0527325	-0.00195975	0.000356423	0.11462
14.5855	0.0552863	-0.0486889	-0.00188543	0.000375843	0.111124
14.7534	0.0473861	-0.0454496	-0.00182115	0.000390223	0.108164
14.881	0.0417409	-0.0430541	-0.00177061	0.000402005	0.105769
14.9642	0.0382232	-0.0415252	-0.00173687	0.000408934	0.104132
15	0.0367466	-0.040874	-0.00172216	0.000412387	0.103608
15	0.0367466	-0.040874	-0.00172216	0.000412387	0.103608
15.0358	0.0352932	-0.0402282	-0.00170732	0.000415332	0.102546
15.119	0.0320084	-0.0387529	-0.00167263	0.000418124	0.100584
15.2466	0.0272057	-0.0365458	-0.00161911	0.000420877	0.0978137
15.4145	0.0213074	-0.0337447	-0.00154826	0.000422694	0.0940151
15.6172	0.0147951	-0.0305199	-0.00146261	0.000421798	0.0894025
15.8484	0.00814576	-0.0270545	-0.00136544	0.000418547	0.0840898
16.1005	0.00177549	-0.023532	-0.00126079	0.000411097	0.0782482
16.3654	-0.00399968	-0.0201155	-0.00115327	0.000400273	0.0721948
16.6346	-0.0089812	-0.0169367	-0.00104727	0.000386495	0.0661157
16.8995	-0.013085	-0.0140905	-0.000946992	0.000370302	0.0603106
17.1516	-0.016322	-0.0116314	-0.000855708	0.000353725	0.0549696
17.3828	-0.0187699	-0.00958245	-0.000775863	0.000336903	0.0502281
17.5855	-0.020544	-0.00794034	-0.000709119	0.000321382	0.0462436
17.7534	-0.0217704	-0.00668671	-0.000656306	0.000307532	0.0430069
17.881	-0.0225662	-0.00579652	-0.000617806	0.0002959	0.0406323
17.9642	-0.0230252	-0.0052442	-0.000593516	0.000287988	0.0390888
18	-0.023209	-0.00501336	-0.000583263	0.000284069	0.0383353
18	-0.023209	-0.00501336	-0.000583263	0.000284069	0.0383353
18.0358	-0.0233846	-0.00478633	-0.000573151	0.000280301	0.0378665
18.119	-0.0237613	-0.00427238	-0.00055013	0.000273381	0.0365467
18.2466	-0.024258	-0.00352259	-0.000515903	0.000263113	0.034441
18.4145	-0.0247713	-0.00260504	-0.000472865	0.000249748	0.0318193
18.6172	-0.0251954	-0.00159591	-0.000423808	0.000234142	0.0287935
18.8484	-0.0254433	-0.000570872	-0.000371754	0.000216331	0.0255579
19.1005	-0.0254611	0.000406347	-0.000319593	0.00019767	0.0223055
19.3654	-0.0252335	0.00128793	-0.000269747	0.000178732	0.0191618
19.6346	-0.0247818	0.00204522	-0.00022411	0.000160507	0.0162782
19.8995	-0.024155	0.00266763	-0.000183811	0.000143904	0.0137106
20.1516	-0.0234188	0.003158	-0.00014942	0.000129192	0.0115138
20.3828	-0.0226446	0.00352964	-0.000120976	0.000117163	0.00970192
20.5855	-0.0219006	0.00379993	-9.82042e-05	0.000107608	0.0082458
20.7534	-0.0212465	0.00398796	-8.07347e-05	0.000100741	0.00715698
20.881	-0.0207297	0.00411095	-6.81709e-05	9.62756e-05	0.00636639
20.9642	-0.0203847	0.00418234	-6.0274e-05	9.36968e-05	0.00591076
21	-0.0202343	0.00421141	-5.69294e-05	9.30216e-05	0.00579139
21	-0.0202343	0.00421141	-5.69294e-05	9.30216e-05	0.00579139
21.0358	-0.0200829	0.00423933	-5.36048e-05	9.24344e-05	0.00552285
21.119	-0.0197277	0.00429859	-4.60011e-05	9.02819e-05	0.00499314
21.2466	-0.0191742	0.00437607	-3.47232e-05	8.64509e-05	0.00424402
21.4145	-0.0184326	0.00445435	-2.06759e-05	8.07916e-05	0.00329075
21.6172	-0.0175227	0.00451523	-5.03285e-06	7.35069e-05	0.00223308
21.8484	-0.0164749	0.00454402	1.10172e-05	6.54229e-05	0.00113966
22.1005	-0.0153302	0.00453113	2.64328e-05	5.6968e-05	7.42296e-05
22.3654	-0.0141364	0.00447407	4.0425e-05	4.87996e-05	-0.000903137
22.6346	-0.0129441	0.00437653	5.25234e-05	4.11562e-05	-0.00177105
22.8995	-0.0118011	0.00424727	6.24948e-05	3.4244e-05	-0.00250024
23.1516	-0.0107487	0.00409848	7.0365e-05	2.82703e-05	-0.00309627
23.3828	-0.00981906	0.0039433	7.62979e-05	2.31347e-05	-0.00356191
23.5855	-0.00903438	0.00379498	8.05701e-05	1.90784e-05	-0.00390596
23.7534	-0.00840814	0.00366484	8.35055e-05	1.59034e-05	-0.00416008
23.881	-0.00794709	0.00356216	8.53883e-05	1.36652e-05	-0.00431814
23.9642	-0.00765361	0.00349364	8.64679e-05	1.22382e-05	-0.00444621
24	-0.00752894	0.00346348	8.68918e-05	1.1359e-05	-0.0045504
24	-0.00752894	0.00346348	8.68918e-05	1.1359e-05	-0.0045504
24.0358	-0.00740535	0.00343292	8.72799e-05	1.03069e-05	-0.00459063
24.119	-0.00712275	0.00336124	8.80402e-05	8.00445e-06	-0.00467589
24.2466	-0.00670101	0.00324978	8.88575e-05	4.90372e-06	-0.00477297
24.4145	-0.0061679	0.00310132	8.93954e-05	1.63427e-06	-0.00486242
24.6172	-0.0055574	0.0029204	8.9392e-05	-1.57038e-06	-0.00493482
24.8484	-0.00490629	0.00271362	8.8667e-05	-4.60272e-06	-0.00496803
25.1005	-0.00425055	0.00248941	8.71493e-05	-7.37444e-06	-0.00495839
25.3654	-0.00362192	0.00225717	8.48482e-05	-9.9352e-06	-0.00490042
25.6346	-0.00304535	0.00202679	8.18712e-05	-1.21089e-05	-0.00479407
25.8995	-0.00253766	0.0018073	7.84123e-05	-1.39767e-05	-0.00465629
26.1516	-0.00210757	0.00160639	7.4687e-05	-1.5527e-05	-0.00449012
26.3828	-0.00175682	0.00142997	7.09562e-05	-1.67509e-05	-0.00431972
26.5855	-0.00148201	0.0012817	6.74459e-05	-1.7878e-05	-0.00415655
26.7534	-0.0012768	0.001164	6.43718e-05	-1.87301e-05	-0.00400575
26.881	-0.00113383	0.00107763	6.19373e-05	-1.94765e-05	-0.00389989
26.9642	-0.00104648	0.00102282	6.02945e-05	-1.99742e-05	-0.00379641
27	-0.00101023	0.000999827	5.95781e-05	-1.9952e-05	-0.00370707
27	-0.00101023	0.000999827	5.95781e-05	-1.9952e-05	-0.00370707
27.0358	-0.000974802	0.000977054	5.88636e-05	-1.99687e-05	-0.0037229
27.119	-0.000895703	0.000925043	5.7193e-05	-2.01047e-05	-0.00360016
27.2466	-0.000782591	0.000848635	5.46576e-05	-1.96532e-05	-0.00345585
27.4145	-0.000648296	0.000752084	5.13459e-05	-1.99437e-05	-0.00330854
27.6172	-0.00050702	0.000642977	4.7282e-05	-1.99425e-05	-0.00305286
27.8484	-0.000371794	0.000528663	4.27094e-05	-1.98304e-05	-0.00282596
28.1005	-0.000253137	0.000414898	3.76219e-05	-2.04241e-05	-0.0025374
28.3654	-0.000157447	0.000309916	3.2258e-05	-2.00411e-05	-0.00222433
28.6346	-8.6893e-05	0.000216222	2.67888e-05	-2.08285e-05	-0.00195507
28.8995	-4.03025e-05	0.000138161	2.11783e-05	-2.12543e-05	-0.00160617
29.1516	-1.33803e-05	7.72527e-05	1.58015e-05	-2.17558e-05	-0.00134729
29.3828	-1.02722e-06	3.17163e-05	1.05881e-05	-2.30911e-05	-0.00102263
29.5855	2.41932e-06	4.3876e-06	6.02557e-06	-2.14704e-05	-0.000649724
29.7534	1.87655e-06	-9.41205e-06	2.61377e-06	-1.88586e-05	-0.000317945
29.881	5.17202e-07	-9.44456e-06	5.83397e-07	-1.13566e-05	0.000375708
29.9642	2.50624e-08	-1.92624e-06	2.60196e-08	-2.02102e-06	0.000544689
30	2.30818e-18	-2.04449e-17	-1.07589e-18	6.00117e-19	-1.89395e-10
