0	0.466667	-1.33333	1.04717	1.04717	-26.1016	
0.0358417	0.419398	-1.23608	1.08861	1.2949	44.9606	
0.119026	0.344613	-0.629264	1.224	1.90571	20.9591	
0.24661	0.252486	-1.01828	1.4993	2.36594	-36.1912	
0.414481	0.0309341	-1.40045	1.93048	2.72311	6.42905	
0.617243	-0.269206	-1.9172	2.52246	3.21696	-52.6994	
0.848377	-0.981104	-4.00161	3.32446	3.23844	-15.4142	
1.10046	-1.70401	-0.328505	3.59927	-1.86038	181.985	
1.36538	-0.637537	8.22636	2.41593	-5.73711	167.736	
1.63462	2.16489	11.0666	1.25615	-2.34973	-36.9071	
1.89954	4.61121	6.81211	0.917964	-0.940618	-118.724	
2.15162	5.82461	3.36864	0.650072	-0.964478	-44.5775	
2.38276	6.4338	1.84327	0.493617	-0.561313	-50.7905	
2.58552	6.63142	0.220435	0.344014	-0.838734	-30.6582	
2.75339	6.6311	-0.120415	0.237696	-0.39594	-10.3425	
2.88097	6.58935	-0.606006	0.187036	-0.474191	-26.6139	
2.96416	6.53098	-0.701842	0.150198	-0.327376	10.3731	
3	6.50637	-0.708272	0.140434	-0.256217	-28.9736	
3	6.50637	-0.708272	0.140434	-0.256217	-28.9736	
3.03584	6.47861	-0.826178	0.130231	-0.298125	-13.6571	
3.11903	6.40507	-0.923716	0.107508	-0.235835	-5.07352	
3.24661	6.27992	-1.04649	0.0826316	-0.171471	-7.10667	
3.41448	6.08988	-1.20333	0.0559686	-0.141403	-4.25	
3.61724	5.83601	-1.29172	0.0337916	-0.0813389	-2.52714	
3.84838	5.52716	-1.37989	0.0174111	-0.0670654	-2.32344	
4.10046	5.1725	-1.4195	0.00285387	-0.0428454	-0.34055	
4.36538	4.79667	-1.41984	-0.00513731	-0.0251392	-0.502592	
4.63462	4.4136	-1.41938	-0.012665	-0.0273794	0.308302	
4.89954	4.04309	-1.37391	-0.0173992	-0.00894737	0.837688	
5.15162	3.70131	-1.34084	-0.0199671	-0.0147037	0.486157	
5.38276	3.39609	-1.29336	-0.0231125	-0.00766372	1.47493	
5.58552	3.13931	-1.24361	-0.0236994	-0.00295228	0.823084	
5.75339	2.9329	-1.21304	-0.0249225	-0.00894014	1.34755	
5.88097	2.78061	-1.17352	-0.0254649	0.00051905	1.50729	
5.96416	2.68374	-1.15798	-0.0255386	-0.00455576	0.596551	
6	2.64235	-1.15002	-0.0257377	-0.00506358	2.14619	
6	2.64235	-1.15002	-0.0257377	-0.00506358	2.14619	
6.03584	2.60135	-1.13823	-0.0258522	-0.00199483	1.52505	
6.11903	2.50755	-1.11763	-0.0259986	-0.00212846	1.24211	
6.24661	2.36698	-1.08531	-0.026283	-0.0017307	1.42859	
6.41448	2.18856	-1.0406	-0.0264006	-6.03284e-05	1.40095	
6.61724	1.98288	-0.988103	-0.0264143	-1.41168e-05	1.41891	
6.84838	1.7616	-0.926378	-0.0262524	0.00154978	1.46818	
7.10046	1.53649	-0.860171	-0.0257509	0.00211433	1.41932	
7.36538	1.31765	-0.791818	-0.025148	0.00270315	1.43831	
7.63462	1.11377	-0.723141	-0.0242575	0.00369733	1.38919	
7.89954	0.930766	-0.658825	-0.023289	0.00363711	1.3449	
8.15162	0.772261	-0.598995	-0.022288	0.00438813	1.31923	
8.38276	0.639911	-0.546818	-0.0212491	0.00440614	1.23987	
8.58552	0.533494	-0.502963	-0.0203654	0.00448999	1.22526	
8.75339	0.452056	-0.467586	-0.0195725	0.00483583	1.16578	
8.88097	0.394033	-0.442127	-0.0189736	0.00455699	1.13298	
8.96416	0.357944	-0.425526	-0.018588	0.00479176	1.14551	
9	0.342819	-0.418523	-0.0184148	0.00482137	1.08015	
9	0.342819	-0.418523	-0.0184148	0.00482137	1.08015	
9.03584	0.32794	-0.411717	-0.0182442	0.00472082	1.09445	
9.11903	0.294351	-0.395897	-0.0178511	0.00475125	1.08483	
9.24661	0.245358	-0.372275	-0.0172425	0.00476557	1.04659	
9.41448	0.185386	-0.34243	-0.0164471	0.00472077	1.0055	
9.61724	0.119469	-0.308087	-0.0154902	0.00471136	0.953279	
9.84838	0.052552	-0.271372	-0.0144115	0.00461124	0.892013	
10.1005	-0.0111036	-0.234153	-0.0132631	0.00450596	0.828891	
10.3654	-0.0682984	-0.198177	-0.0120865	0.00436175	0.760612	
10.6346	-0.117101	-0.164857	-0.0109383	0.00417052	0.69493	
10.8995	-0.156765	-0.135083	-0.00985586	0.00399713	0.631968	
11.1516	-0.187535	-0.109481	-0.00887418	0.00378599	0.57342	
11.3828	-0.210342	-0.0881972	-0.00802062	0.00360575	0.523831	
11.5855	-0.226473	-0.0711801	-0.00730539	0.00344254	0.480178	
11.7534	-0.237322	-0.0582265	-0.00674003	0.00329764	0.447069	
11.881	-0.244157	-0.0490111	-0.00632495	0.00320979	0.422413	
11.9642	-0.247995	-0.0433102	-0.00606077	0.00313899	0.405274	
12	-0.249504	-0.0409236	-0.00594881	0.00310976	0.400217	
12	-0.249504	-0.0409236	-0.00594881	0.00310976	0.400217	
12.0358	-0.250929	-0.0385774	-0.00583783	0.00308197	0.391964	
12.119	-0.253917	-0.0333096	-0.00558476	0.00300112	0.375712	
12.2466	-0.257673	-0.0256555	-0.00520967	0.00288094	0.3531	
12.4145	-0.261186	-0.016333	-0.0047385	0.00273302	0.324101	
12.6172	-0.263447	-0.00616202	-0.00420223	0.00255787	0.290963	
12.8484	-0.263661	0.00407424	-0.00363302	0.00236909	0.255654	
13.1005	-0.261389	0.0136987	-0.00306114	0.00216864	0.219694	
13.3654	-0.256597	0.0222203	-0.00251381	0.0019654	0.185133	
13.6346	-0.24962	0.02936	-0.00201117	0.00176955	0.153038	
13.8995	-0.241063	0.0350255	-0.00156717	0.00158384	0.12439	
14.1516	-0.231674	0.0392914	-0.00118909	0.00141768	0.0998271	
14.3828	-0.222226	0.0423316	-0.000878386	0.00127116	0.0792358	
14.5855	-0.213426	0.0443741	-0.000633529	0.00114446	0.0627674	
14.7534	-0.205864	0.0456611	-0.000450154	0.0010397	0.0500477	
14.881	-0.199989	0.0464084	-0.00032282	0.000955576	0.0408623	
14.9642	-0.196112	0.0467964	-0.000245645	0.000900513	0.0356115	
15	-0.194432	0.046943	-0.000213762	0.000878984	0.0337458	
15	-0.194432	0.046943	-0.000213762	0.000878984	0.0337458	
15.0358	-0.192747	0.0470807	-0.000182584	0.000861609	0.0324494	
15.119	-0.188818	0.0473628	-0.000112227	0.00083088	0.0281586	
15.2466	-0.182754	0.0476727	-9.20266e-06	0.00078313	0.0209227	
15.4145	-0.174732	0.0478601	0.000116597	0.000715554	0.0121844	
15.6172	-0.165031	0.0477849	0.000253525	0.000635321	0.00258089	
15.8484	-0.154031	0.0473368	0.000389945	0.000545734	-0.00717121	
16.1005	-0.1422	0.0464691	0.000515971	0.000455919	-0.0162351	
16.3654	-0.13005	0.0451979	0.000625342	0.000371017	-0.0243614	
16.6346	-0.11809	0.043592	0.000714478	0.000292636	-0.0311889	
16.8995	-0.106779	0.0417645	0.000782853	0.000224981	-0.0366388	
17.1516	-0.0964902	0.0398438	0.000832115	0.000166714	-0.0408586	
17.3828	-0.0874963	0.0379633	0.000865058	0.000119748	-0.0438018	
17.5855	-0.0799721	0.0362457	0.000885785	8.57568e-05	-0.0457831	
17.7534	-0.0740094	0.0347892	0.000898182	6.30866e-05	-0.0469532	
17.881	-0.0696421	0.0336711	0.000905483	5.25466e-05	-0.0474738	
17.9642	-0.0668717	0.0329376	0.000909657	4.74657e-05	-0.0481318	
18	-0.0656968	0.0326181	0.000911291	4.329e-05	-0.0487897	
18	-0.0656968	0.0326181	0.000911291	4.329e-05	-0.0487897	
18.0358	-0.0645335	0.0322941	0.000912717	3.56842e-05	-0.04966	
18.119	-0.0618788	0.0315314	0.000914724	1.22669e-05	-0.0504887	
18.2466	-0.0579309	0.0303556	0.000914207	-1.87457e-05	-0.0507701	
18.4145	-0.0529649	0.0288102	0.000908436	-4.86977e-05	-0.0509443	
18.6172	-0.0473118	0.0269538	0.000895568	-7.69206e-05	-0.0507809	
18.8484	-0.0413236	0.0248678	0.00087493	-0.000100476	-0.0501646	
19.1005	-0.0353367	0.0226423	0.000846889	-0.000121602	-0.0492084	
19.3654	-0.0296406	0.020374	0.000812092	-0.000140303	-0.0477677	
19.6346	-0.0244553	0.0181592	0.000772259	-0.000155128	-0.0459912	
19.8995	-0.0199223	0.0160793	0.00072943	-0.000167868	-0.0439843	
20.1516	-0.0161078	0.0142024	0.000685884	-0.000177112	-0.0418132	
20.3828	-0.0130151	0.0125739	0.000644091	-0.000184724	-0.0397688	
20.5855	-0.0106041	0.0112192	0.000605844	-0.000192709	-0.0378935	
20.7534	-0.00881101	0.0101514	0.000572864	-0.000200664	-0.0363482	
20.881	-0.00756595	0.0093705	0.000546705	-0.000210041	-0.035252	
20.9642	-0.0068071	0.00887683	0.000528941	-0.000216695	-0.0342156	
21	-0.00649266	0.00866989	0.000521146	-0.000217906	-0.0334746	
21	-0.00649266	0.00866989	0.000521146	-0.000217906	-0.0334746	
21.0358	-0.00618555	0.00846836	0.000513355	-0.000216414	-0.0325454	
21.119	-0.00550001	0.00801703	0.000495685	-0.000208075	-0.0312555	
21.2466	-0.00451983	0.00735335	0.000469869	-0.000197525	-0.0298967	
21.4145	-0.00335554	0.00652693	0.000437465	-0.000189047	-0.0280755	
21.6172	-0.00212739	0.00559999	0.000399943	-0.000181518	-0.0259455	
21.8484	-0.000946519	0.00463395	0.000358691	-0.000175677	-0.0235829	
22.1005	0.000100213	0.00368983	0.000315239	-0.000168772	-0.020988	
22.3654	0.000959516	0.00281731	0.000271617	-0.000160536	-0.0183822	
22.6346	0.00161216	0.0020505	0.00022957	-0.000151513	-0.0158044	
22.8995	0.00206811	0.00140998	0.000190819	-0.00014081	-0.0133779	
23.1516	0.00235716	0.000898785	0.000156689	-0.000129835	-0.0112077	
23.3828	0.00251855	0.0005103	0.000128011	-0.000117818	-0.00927388	
23.5855	0.00259266	0.000229768	0.000105399	-0.000104881	-0.00768112	
23.7534	0.00261461	3.76604e-05	8.88289e-05	-9.20457e-05	-0.0063947	
23.881	0.00261142	-8.42331e-05	7.78456e-05	-7.97256e-05	-0.00543708	
23.9642	0.00260148	-0.000153663	7.15774e-05	-7.10589e-05	-0.00496201	
24	0.00259546	-0.000181875	6.90916e-05	-6.77329e-05	-0.00484251	
24	0.00259546	-0.000181875	6.90916e-05	-6.77329e-05	-0.00484251	
24.0358	0.00258844	-0.000210063	6.67079e-05	-6.55292e-05	-0.00492199	
24.119	0.00256826	-0.000274674	6.13613e-05	-6.32992e-05	-0.00470676	
24.2466	0.00252733	-0.000364807	5.34784e-05	-6.00804e-05	-0.00414476	
24.4145	0.00245732	-0.000466322	4.38087e-05	-5.51765e-05	-0.00350568	
24.6172	0.00235223	-0.000566226	3.31819e-05	-4.96402e-05	-0.0027902	
24.8484	0.00221091	-0.000651996	2.24527e-05	-4.32587e-05	-0.00206016	
25.1005	0.00203784	-0.000716471	1.2323e-05	-3.73094e-05	-0.00138746	
25.3654	0.00184223	-0.000755655	3.1916e-06	-3.1636e-05	-0.000749988	
25.6346	0.00163638	-0.000769482	-4.5857e-06	-2.62853e-05	-0.000211418	
25.8995	0.00143309	-0.000761988	-1.09437e-05	-2.17656e-05	0.00024357	
26.1516	0.00124373	-0.000737903	-1.58891e-05	-1.74712e-05	0.000619488	
26.3828	0.00107691	-0.000703811	-1.94904e-05	-1.37193e-05	0.000903833	
26.5855	0.000937946	-0.000665727	-2.19244e-05	-1.02043e-05	0.00113197	
26.7534	0.000829196	-0.000629302	-2.33759e-05	-7.10943e-06	0.00127554	
26.881	0.000750797	-0.000599351	-2.41367e-05	-4.78658e-06	0.00137543	
26.9642	0.00070179	-0.000578813	-2.44664e-05	-3.14913e-06	0.0014206	
27	0.000681204	-0.000569943	-2.45688e-05	-2.60604e-06	0.00139198	
27	0.000681204	-0.000569943	-2.45688e-05	-2.60604e-06	0.00139198	
27.0358	0.000660937	-0.000560888	-2.46518e-05	-1.96186e-06	0.00147548	
27.119	0.00061517	-0.000539616	-2.4749e-05	-5.53903e-07	0.00143982	
27.2466	0.000548345	-0.00050793	-2.47667e-05	2.24735e-07	0.00144201	
27.4145	0.000466662	-0.00046501	-2.45882e-05	2.03471e-06	0.00149639	
27.6172	0.000377598	-0.000413961	-2.40185e-05	3.20594e-06	0.00143003	
27.8484	0.000288423	-0.000357664	-2.32333e-05	3.8204e-06	0.0014353	
28.1005	0.000205988	-0.0002968	-2.205e-05	5.44256e-06	0.00138769	
28.3654	0.000135367	-0.000236999	-2.05514e-05	5.82942e-06	0.00131122	
28.6346	7.95285e-05	-0.000177874	-1.87396e-05	8.04907e-06	0.00130261	
28.8995	3.97825e-05	-0.000123279	-1.62659e-05	1.03283e-05	0.00116823	
29.1516	1.46971e-05	-7.60926e-05	-1.34029e-05	1.2932e-05	0.00112146	
29.3828	1.92699e-06	-3.53216e-05	-9.87335e-06	1.75259e-05	0.000980246	
29.5855	-2.25797e-06	-7.48273e-06	-6.11153e-06	1.91559e-05	0.000715172	
29.7534	-2.02531e-06	9.0552e-06	-2.84798e-06	1.93883e-05	0.000432773	
29.881	-5.90072e-07	1.05717e-05	-6.66248e-07	1.27549e-05	-0.00037957	
29.9642	-2.93162e-08	2.24558e-06	-3.04374e-08	2.35638e-06	-0.00062987	
30	1.40779e-17	-1.9955e-16	-1.19933e-17	5.71414e-18	2.23486e-10	
