0	0.233333	-2.66667	1.04717	1.13123e-17	146.009	
0.0358417	0.151784	-1.92102	1.05921	0.642117	108.724	
0.119026	0.0440765	-0.720887	1.159	1.68095	84.4833	
0.24661	0.0685434	1.04162	1.43691	2.5479	63.4996	
0.414481	0.254776	0.35052	1.92025	3.28355	-108.132	
0.617243	-0.0654011	-3.09158	2.71677	4.30276	-39.1917	
0.848377	-0.591132	-0.0786961	3.3639	0.119638	173.497	
1.10046	0.411311	8.1113	2.53584	-5.51993	191.273	
1.36538	3.3444	12.5918	1.34503	-2.51872	-5.72809	
1.63462	6.25657	7.9424	1.01538	-0.856814	-151.014	
1.89954	7.67299	3.63255	0.738703	-0.880013	-41.2891	
2.15162	8.37838	1.64211	0.610372	-0.510899	-80.3449	
2.38276	8.39485	-1.20152	0.378693	-1.26325	-36.2168	
2.58552	8.12062	-1.31858	0.210874	-0.364523	-5.34538	
2.75339	7.84479	-2.10869	0.137211	-0.647094	-29.7177	
2.88097	7.56731	-2.03077	0.0686165	-0.256699	21.8134	
2.96416	7.40094	-2.12692	0.05377	-0.260952	-38.6268	
3	7.32165	-2.2325	0.0421977	-0.318749	31.1791	
3	7.32165	-2.2325	0.0421977	-0.318749	31.1791	
3.03584	7.24392	-2.12943	0.033786	-0.178065	6.13728	
3.11903	7.06635	-2.16437	0.0210328	-0.155599	-5.74199	
3.24661	6.78646	-2.19666	0.0020375	-0.121614	1.24197	
3.41448	6.42212	-2.15298	-0.0109097	-0.050744	-0.2048	
3.61724	5.9845	-2.16101	-0.0221949	-0.0604185	0.151271	
3.84838	5.49245	-2.08286	-0.0319351	-0.0184891	2.25749	
4.10046	4.97832	-2.00791	-0.0349161	-0.0179179	0.79259	
4.36538	4.45542	-1.92584	-0.0410999	-0.017626	2.53333	
4.63462	3.95506	-1.79527	-0.0418673	0.00430667	2.06795	
4.89954	3.49126	-1.70692	-0.0431931	-0.0131986	2.00441	
5.15162	3.07588	-1.58109	-0.044549	0.00693002	3.01695	
5.38276	2.7229	-1.48257	-0.0426418	0.00163266	1.72965	
5.58552	2.42985	-1.4003	-0.0432408	0.000214875	3.00242	
5.75339	2.2024	-1.3135	-0.0417507	0.012772	2.17371	
5.88097	2.03747	-1.27305	-0.0409726	-0.000580242	2.0016	
5.96416	1.9332	-1.23019	-0.0407885	0.00846311	3.41733	
6	1.88944	-1.21391	-0.0404247	0.00948624	0.979999	
6	1.88944	-1.21391	-0.0404247	0.00948624	0.979999	
6.03584	1.8461	-1.20358	-0.0401851	0.00495085	1.97873	
6.11903	1.74739	-1.16878	-0.0397694	0.00601257	2.45004	
6.24661	1.60168	-1.11645	-0.038895	0.00674573	2.17257	
6.41448	1.41969	-1.05143	-0.0378897	0.00582768	2.2189	
6.61724	1.21461	-0.971843	-0.0365103	0.00764088	2.16506	
6.84838	0.999906	-0.88703	-0.0347885	0.00698395	2.02525	
7.10046	0.787601	-0.797618	-0.0329937	0.00769327	2.00295	
7.36538	0.588289	-0.70844	-0.030842	0.00806933	1.83816	
7.63462	0.408905	-0.624745	-0.0287872	0.00747994	1.75419	
7.89954	0.253924	-0.546162	-0.0266926	0.00825108	1.64603	
8.15162	0.124974	-0.478023	-0.0246905	0.00746582	1.50391	
8.38276	0.0213281	-0.419159	-0.022978	0.00763754	1.45426	
8.58552	-0.0586777	-0.37083	-0.0214063	0.00756275	1.31896	
8.75339	-0.117812	-0.333889	-0.0202004	0.00698288	1.27983	
8.88097	-0.158641	-0.30632	-0.0192849	0.00735729	1.22987	
8.96416	-0.183418	-0.289632	-0.0186857	0.00692462	1.14351	
9	-0.193673	-0.282516	-0.0184404	0.00684794	1.21841	
9	-0.193673	-0.282516	-0.0184404	0.00684794	1.21841	
9.03584	-0.203668	-0.275276	-0.018192	0.00697458	1.16685	
9.11903	-0.225895	-0.259236	-0.0176159	0.0068407	1.11553	
9.24661	-0.257449	-0.235569	-0.0167564	0.00666655	1.07431	
9.41448	-0.294488	-0.206049	-0.0156493	0.0065005	1.0061	
9.61724	-0.332875	-0.173038	-0.014364	0.00618038	0.929807	
9.84838	-0.368821	-0.13855	-0.0129686	0.0059021	0.848802	
10.1005	-0.399401	-0.104728	-0.011525	0.00553344	0.759693	
10.3654	-0.422881	-0.073175	-0.010112	0.00515032	0.676099	
10.6346	-0.438699	-0.0449687	-0.00877197	0.00479285	0.593406	
10.8995	-0.447344	-0.0208652	-0.00755578	0.00439213	0.518349	
11.1516	-0.450032	-0.000934327	-0.00649002	0.00407073	0.453384	
11.3828	-0.448376	0.0148854	-0.00558519	0.00374949	0.395152	
11.5855	-0.444105	0.0269857	-0.00485325	0.00348236	0.350781	
11.7534	-0.438815	0.0358585	-0.00428472	0.00328539	0.313704	
11.881	-0.433849	0.0419003	-0.00387684	0.00310942	0.287676	
11.9642	-0.430209	0.0455664	-0.00362205	0.00302139	0.27331	
12	-0.428549	0.0470729	-0.00351445	0.0029798	0.26314	
12	-0.428549	0.0470729	-0.00351445	0.0029798	0.26314	
12.0358	-0.426836	0.0485301	-0.00340855	0.00293089	0.257703	
12.119	-0.422662	0.0517705	-0.00316884	0.00283404	0.242973	
12.2466	-0.415761	0.0563292	-0.00281657	0.00268747	0.219957	
12.4145	-0.405851	0.0616034	-0.0023815	0.00249787	0.191894	
12.6172	-0.3928	0.0669591	-0.00189705	0.00228226	0.160326	
12.8484	-0.376738	0.0718134	-0.00139709	0.00204568	0.12737	
13.1005	-0.358112	0.0757418	-0.000912171	0.00180503	0.0952392	
13.3654	-0.337651	0.0785057	-0.000465506	0.00156943	0.0651426	
13.6346	-0.316278	0.0800562	-7.33502e-05	0.00134695	0.0384354	
13.8995	-0.294988	0.0805125	0.000256695	0.00114755	0.0155921	
14.1516	-0.274728	0.0800959	0.00052354	0.000971938	-0.0032526	
14.3828	-0.256321	0.079091	0.00073095	0.000825197	-0.018098	
14.5855	-0.24041	0.0777873	0.000886101	0.000706375	-0.0295268	
14.7534	-0.227462	0.0764482	0.000996848	0.000614282	-0.037783	
14.881	-0.21778	0.0752932	0.00107104	0.00054926	-0.0434462	
14.9642	-0.211551	0.0744813	0.001115	0.00050788	-0.0469109	
15	-0.208888	0.0741185	0.00113289	0.000490687	-0.0481893	
15	-0.208888	0.0741185	0.00113289	0.000490687	-0.0481893	
15.0358	-0.206238	0.0737483	0.00115018	0.00047407	-0.0495877	
15.119	-0.20014	0.072861	0.00118803	0.000436037	-0.0526155	
15.2466	-0.190934	0.0714295	0.00124007	0.000380287	-0.0568379	
15.4145	-0.179109	0.0694307	0.00129807	0.000311504	-0.0617277	
15.6172	-0.165289	0.0668695	0.00135335	0.000235028	-0.0666566	
15.8484	-0.150185	0.0637953	0.00139844	0.000156623	-0.0710851	
16.1005	-0.134541	0.0603065	0.00142818	8.0994e-05	-0.0746188	
16.3654	-0.119062	0.0565438	0.00144027	1.20442e-05	-0.0770272	
16.6346	-0.104358	0.0526736	0.00143524	-4.77785e-05	-0.0782875	
16.8995	-0.0909083	0.0488675	0.00141581	-9.74541e-05	-0.0785112	
17.1516	-0.0790426	0.0452844	0.00138613	-0.000136792	-0.0779207	
17.3828	-0.06895	0.0420573	0.00135094	-0.000166708	-0.0767972	
17.5855	-0.0607042	0.0392879	0.00131487	-0.000188398	-0.075411	
17.7534	-0.0542978	0.0370467	0.00128196	-0.000203279	-0.0740255	
17.881	-0.049678	0.0353781	0.0012554	-0.000212878	-0.0728455	
17.9642	-0.0467797	0.0343075	0.00123746	-0.000218319	-0.0720188	
18	-0.0455582	0.0338506	0.00122959	-0.000220467	-0.0716533	
18	-0.0455582	0.0338506	0.00122959	-0.000220467	-0.0716533	
18.0358	-0.0443531	0.0333963	0.00122165	-0.000222573	-0.0713004	
18.119	-0.0416186	0.0323521	0.00120294	-0.000227308	-0.0704333	
18.2466	-0.0375917	0.0307795	0.00117352	-0.000233757	-0.0690289	
18.4145	-0.0325947	0.0287656	0.00113367	-0.000240754	-0.0670819	
18.6172	-0.0270015	0.0264202	0.00108417	-0.000247066	-0.0645957	
18.8484	-0.0211924	0.0238673	0.0010265	-0.00025155	-0.0616234	
19.1005	-0.0155113	0.0212338	0.000962774	-0.000253539	-0.0582625	
19.3654	-0.0102337	0.0186385	0.000895652	-0.000252737	-0.0546465	
19.6346	-0.00555002	0.016183	0.000828006	-0.000249351	-0.0509376	
19.8995	-0.00156315	0.013945	0.000762627	-0.000243907	-0.047296	
20.1516	0.00170076	0.011977	0.000701971	-0.000237107	-0.043874	
20.3828	0.00427372	0.010308	0.000647995	-0.000229783	-0.0407958	
20.5855	0.00622427	0.00894778	0.000602119	-0.00022263	-0.0381552	
20.7534	0.00763693	0.00789308	0.000565271	-0.000216332	-0.0360219	
20.881	0.00859513	0.00713371	0.000537986	-0.000211355	-0.0344312	
20.9642	0.00916865	0.00665782	0.000520542	-0.000208044	-0.0334187	
21	0.00940368	0.00645732	0.000513111	-0.000206669	-0.0329989	
21	0.00940368	0.00645732	0.000513111	-0.000206669	-0.0329989	
21.0358	0.00963156	0.00625952	0.000505727	-0.000205318	-0.0325635	
21.119	0.0101335	0.00581101	0.000488782	-0.000202088	-0.0315659	
21.2466	0.0108324	0.00515129	0.000463324	-0.000196952	-0.0300624	
21.4145	0.0116278	0.00433403	0.000430848	-0.000189926	-0.0281343	
21.6172	0.0124127	0.00342128	0.00039322	-0.000181188	-0.0258884	
21.8484	0.0130923	0.00247576	0.000352509	-0.000171072	-0.0234426	
22.1005	0.0135979	0.00155382	0.000310779	-0.000160022	-0.0209188	
22.3654	0.0138939	0.000700216	0.000269911	-0.000148546	-0.018429	
22.6346	0.0139784	-5.44734e-05	0.000231459	-0.000137126	-0.0160691	
22.8995	0.0138771	-0.000694178	0.00019658	-0.000126267	-0.0139145	
23.1516	0.0136347	-0.00121535	0.00016601	-0.000116343	-0.0120125	
23.3828	0.0133053	-0.00162389	0.000140133	-0.000107652	-0.0103949	
23.5855	0.0129441	-0.00193172	0.000119042	-0.000100444	-0.00907116	
23.7534	0.0126008	-0.00215315	0.000102661	-9.47599e-05	-0.00803889	
23.881	0.0123164	-0.00230238	9.08347e-05	-9.06817e-05	-0.00729734	
23.9642	0.0121211	-0.00239121	8.33975e-05	-8.81308e-05	-0.00682124	
24	0.0120348	-0.0024274	8.0259e-05	-8.69858e-05	-0.00660684	
24	0.0120348	-0.0024274	8.0259e-05	-8.69858e-05	-0.00660684	
24.0358	0.0119471	-0.00246238	7.71621e-05	-8.58335e-05	-0.00641575	
24.119	0.0117391	-0.00253896	7.01335e-05	-8.31292e-05	-0.00595048	
24.2466	0.0114083	-0.00264426	5.9798e-05	-7.89334e-05	-0.00528719	
24.4145	0.0109542	-0.00276215	4.6971e-05	-7.39717e-05	-0.00446963	
24.6172	0.0103822	-0.00287472	3.25564e-05	-6.82224e-05	-0.00352648	
24.8484	0.00970642	-0.00296637	1.75037e-05	-6.21851e-05	-0.00255609	
25.1005	0.0089503	-0.00302595	2.56846e-06	-5.63583e-05	-0.00157412	
25.3654	0.00814501	-0.00304681	-1.15716e-05	-5.04889e-05	-0.000637666	
25.6346	0.00732619	-0.00302934	-2.44737e-05	-4.55172e-05	0.000208484	
25.8995	0.00652979	-0.00297748	-3.59296e-05	-4.09419e-05	0.00099071	
26.1516	0.00578854	-0.00289932	-4.57301e-05	-3.69979e-05	0.00164079	
26.3828	0.00512881	-0.00280591	-5.39461e-05	-3.4091e-05	0.00220566	
26.5855	0.00456962	-0.00270733	-6.0569e-05	-3.1232e-05	0.00267316	
26.7534	0.00412271	-0.00261565	-6.5654e-05	-2.94861e-05	0.00300324	
26.881	0.00379378	-0.00253962	-6.9323e-05	-2.78037e-05	0.00332792	
26.9642	0.0035847	-0.00248707	-7.15737e-05	-2.65175e-05	0.00339455	
27	0.00349596	-0.00246492	-7.25297e-05	-2.70666e-05	0.00320519	
27	0.00349596	-0.00246492	-7.25297e-05	-2.70666e-05	0.00320519	
27.0358	0.00340803	-0.00244123	-7.34968e-05	-2.63759e-05	0.00382144	
27.119	0.00320739	-0.00238317	-7.55354e-05	-2.34692e-05	0.00369787	
27.2466	0.00290877	-0.00229748	-7.86635e-05	-2.5611e-05	0.00383466	
27.4145	0.00253344	-0.00217155	-8.27086e-05	-2.14107e-05	0.00441211	
27.6172	0.00210928	-0.00201273	-8.67182e-05	-1.99758e-05	0.00441708	
27.8484	0.00166554	-0.00182304	-9.1467e-05	-1.91208e-05	0.00503538	
28.1005	0.0012347	-0.00159339	-9.50951e-05	-1.03701e-05	0.00536501	
28.3654	0.000844928	-0.00134777	-9.75711e-05	-8.14234e-06	0.0056331	
28.6346	0.000518281	-0.00107333	-9.79279e-05	8.50982e-06	0.00636625	
28.8995	0.000271366	-0.000791843	-9.29619e-05	2.77226e-05	0.00631924	
29.1516	0.000105703	-0.000518561	-8.30988e-05	5.5431e-05	0.00690688	
29.3828	1.64923e-05	-0.000255797	-6.51302e-05	9.96428e-05	0.00655661	
29.5855	-1.49841e-05	-6.2666e-05	-4.22957e-05	0.000123047	0.00518679	
29.7534	-1.44373e-05	6.15536e-05	-2.03657e-05	0.000135536	0.00337019	
29.881	-4.27946e-06	7.63369e-05	-4.83286e-06	9.21721e-05	-0.00266183	
29.9642	-2.13547e-07	1.63508e-05	-2.21715e-07	1.71578e-05	-0.0045814	
30	2.3926e-18	-2.83983e-17	-1.6791e-18	9.64895e-19	1.62932e-09	
