0	0.7	1.77001e-15	2.09433	-3.1415	11.452	
0.0358417	0.686715	-1.003	1.99778	-2.14951	-267.39	
0.119026	0.472086	-3.67601	1.9189	-0.0413201	-84.3342	
0.24661	-0.0520982	-4.62103	1.98739	1.0973	-92.0509	
0.414481	-1.15361	-8.66911	2.40454	3.86922	-124.754	
0.617243	-2.96654	-7.38047	3.08043	1.15736	190.46	
0.848377	-3.62536	1.89867	2.46609	-5.39555	235.677	
1.10046	-2.28009	7.17129	1.29843	-2.73571	6.38303	
1.36538	-0.774232	3.09372	0.926849	-1.07557	-143.65	
1.63462	-0.626894	-1.1333	0.548531	-1.34404	-36.4307	
1.89954	-1.05468	-2.14272	0.327474	-0.576164	-37.5371	
2.15162	-1.81035	-3.70085	0.120066	-0.960234	-16.7291	
2.38276	-2.65555	-3.44444	-0.0211269	-0.2317	8.34487	
2.58552	-3.35933	-3.59667	-0.0688536	-0.339571	-6.09888	
2.75339	-3.94853	-3.2978	-0.111428	-0.0766326	16.9642	
2.88097	-4.35957	-3.25477	-0.119556	-0.156276	-9.19991	
2.96416	-4.62985	-3.1536	-0.134548	-0.117648	25.526	
3	-4.74059	-3.06076	-0.137186	-0.0656813	-12.2654	
3	-4.74059	-3.06076	-0.137186	-0.0656813	-12.2654	
3.03584	-4.85092	-3.0819	-0.140883	-0.125753	2.22727	
3.11903	-5.10308	-2.96312	-0.150864	-0.0993413	10.5302	
3.24661	-5.46728	-2.75449	-0.160309	-0.0612262	8.54164	
3.41448	-5.908	-2.48536	-0.169458	-0.0409921	10.7402	
3.61724	-6.37229	-2.0912	-0.171769	0.0149988	11.4425	
3.84838	-6.80659	-1.67417	-0.165946	0.0290933	10.4342	
4.10046	-7.17216	-1.22295	-0.156437	0.0510115	10.8922	
4.36538	-7.43543	-0.77809	-0.140374	0.0625602	9.21846	
4.63462	-7.59225	-0.39118	-0.124975	0.055318	8.62983	
4.89954	-7.64706	-0.029295	-0.108649	0.0668441	7.75468	
5.15162	-7.61777	0.2508	-0.0929881	0.0546034	6.2872	
5.38276	-7.53286	0.484026	-0.0806547	0.0566971	6.25119	
5.58552	-7.41555	0.664284	-0.0687779	0.0556388	4.77021	
5.75339	-7.294	0.783619	-0.0604885	0.0459319	4.69653	
5.88097	-7.18789	0.878645	-0.0542356	0.0519826	4.35099	
5.96416	-7.11274	0.925253	-0.0501241	0.0447264	3.20208	
6	-7.07924	0.945526	-0.0485712	0.0433872	4.60102	
6	-7.07924	0.945526	-0.0485712	0.0433872	4.60102	
6.03584	-7.04492	0.968812	-0.0469664	0.0455034	3.87214	
6.11903	-6.96242	1.0136	-0.0432483	0.0433086	3.33436	
6.24661	-6.82906	1.0763	-0.0379302	0.0406716	3.14083	
6.41448	-6.64205	1.14933	-0.0312538	0.0385199	2.65117	
6.61724	-6.40158	1.21992	-0.0238869	0.0342563	2.16221	
6.84838	-6.11198	1.28301	-0.0163412	0.0312248	1.69577	
7.10046	-5.78213	1.33025	-0.00895062	0.027169	1.15874	
7.36538	-5.42551	1.35903	-0.00230442	0.0233402	0.739234	
7.63462	-5.05767	1.37023	0.00358407	0.020257	0.317154	
7.89954	-4.69515	1.3641	0.00845529	0.0166094	-0.0283961	
8.15162	-4.35328	1.34663	0.0123336	0.0142982	-0.287496	
8.38276	-4.04481	1.32097	0.0153665	0.0117971	-0.538118	
8.58552	-3.7798	1.29228	0.017544	0.00989226	-0.673442	
8.75339	-3.56509	1.26525	0.0191156	0.00873375	-0.812938	
8.88097	-3.40511	1.24218	0.0201441	0.00740588	-0.895679	
8.96416	-3.30243	1.22673	0.0207394	0.00698798	-0.91174	
9	-3.25858	1.21984	0.0209865	0.00674592	-0.987091	
9	-3.25858	1.21984	0.0209865	0.00674592	-0.987091	
9.03584	-3.21499	1.2127	0.0212213	0.00638046	-0.983694	
9.11903	-3.1148	1.19601	0.0217272	0.00581015	-1.01495	
9.24661	-2.96389	1.16944	0.022415	0.00495837	-1.07948	
9.41448	-2.77062	1.13287	0.0231536	0.0038689	-1.14438	
9.61724	-2.54555	1.08685	0.0238211	0.00273265	-1.20984	
9.84838	-2.3006	1.03242	0.0243105	0.00152017	-1.26794	
10.1005	-2.048	0.971526	0.0245466	0.000389843	-1.30831	
10.3654	-1.79921	0.906662	0.0245118	-0.000634858	-1.33396	
10.6346	-1.56399	0.840605	0.0242152	-0.00153628	-1.34025	
10.8995	-1.34984	0.776255	0.0237112	-0.0022476	-1.33166	
11.1516	-1.16177	0.716094	0.0230687	-0.00283424	-1.31251	
11.3828	-1.00251	0.662259	0.0223622	-0.00325948	-1.28463	
11.5855	-0.872908	0.616293	0.0216695	-0.0035688	-1.25636	
11.7534	-0.772575	0.579227	0.0210508	-0.00379217	-1.22802	
11.881	-0.700435	0.551735	0.0205586	-0.00392102	-1.20512	
11.9642	-0.655274	0.534118	0.0202288	-0.00400868	-1.19051	
12	-0.636265	0.52661	0.0200845	-0.00404115	-1.18159	
12	-0.636265	0.52661	0.0200845	-0.00404115	-1.18159	
12.0358	-0.617524	0.519156	0.0199392	-0.00406736	-1.17529	
12.119	-0.575052	0.502041	0.0195982	-0.00413139	-1.15898	
12.2466	-0.512647	0.476326	0.0190656	-0.00421456	-1.1323	
12.4145	-0.435456	0.443506	0.0183508	-0.00429694	-1.0961	
12.6172	-0.349419	0.405437	0.0174721	-0.00436435	-1.05064	
12.8484	-0.260519	0.364198	0.0164587	-0.00439739	-0.99699	
13.1005	-0.174105	0.321881	0.0153504	-0.00438871	-0.937272	
13.3654	-0.0943927	0.280416	0.0141937	-0.00433645	-0.873758	
13.6346	-0.0242118	0.241422	0.0130379	-0.0042435	-0.809289	
13.8995	0.0350015	0.206104	0.0119293	-0.00412145	-0.746621	
14.1516	0.083011	0.175246	0.0109075	-0.00398143	-0.688131	
14.3828	0.120469	0.149238	0.0100037	-0.00383686	-0.635897	
14.5855	0.148566	0.128167	0.00923946	-0.00370041	-0.591346	
14.7534	0.168703	0.111917	0.00862816	-0.00358184	-0.555475	
14.881	0.182232	0.100269	0.00817707	-0.00348919	-0.528864	
14.9642	0.190268	0.0929945	0.00788937	-0.00342773	-0.511846	
15	0.193547	0.0899362	0.00776699	-0.00340126	-0.50465	
15	0.193547	0.0899362	0.00776699	-0.00340126	-0.50465	
15.0358	0.196716	0.0869235	0.00764556	-0.00337465	-0.497372	
15.119	0.203661	0.0801056	0.00736745	-0.00331177	-0.480789	
15.2466	0.213238	0.0701129	0.00695114	-0.00321415	-0.455903	
15.4145	0.223961	0.0577978	0.0064225	-0.00308357	-0.424116	
15.6172	0.234274	0.0441375	0.00581342	-0.00292417	-0.387307	
15.8484	0.242823	0.0301071	0.00515856	-0.00274233	-0.347451	
16.1005	0.248669	0.0165689	0.0044922	-0.00254496	-0.306583	
16.3654	0.251378	0.00418893	0.00384508	-0.00234121	-0.2666	
16.6346	0.251015	-0.00659955	0.00324201	-0.0021394	-0.229011	
16.8995	0.248041	-0.0155935	0.00270086	-0.00194724	-0.195014	
17.1516	0.243177	-0.0227863	0.00223226	-0.00177187	-0.165335	
17.3828	0.237253	-0.028311	0.00184068	-0.00161748	-0.140322	
17.5855	0.231088	-0.0323842	0.00152597	-0.00148776	-0.120088	
17.7534	0.225405	-0.0352513	0.00128493	-0.00138454	-0.104466	
17.881	0.220784	-0.037144	0.00111317	-0.00130825	-0.0932672	
17.9642	0.217647	-0.0382519	0.00100637	-0.00125983	-0.0863033	
18	0.216268	-0.0386998	0.000961583	-0.00123934	-0.0833723	
18	0.216268	-0.0386998	0.000961583	-0.00123934	-0.0833723	
18.0358	0.214874	-0.0391303	0.000917526	-0.00121909	-0.080498	
18.119	0.211579	-0.040064	0.000818043	-0.00117295	-0.0739664	
18.2466	0.206385	-0.0413241	0.00067282	-0.0011039	-0.0643637	
18.4145	0.199329	-0.0426824	0.000494927	-0.00101609	-0.0525259	
18.6172	0.190544	-0.0439035	0.000299242	-0.00091504	-0.0393986	
18.8484	0.180284	-0.0447881	0.000100409	-0.000806668	-0.0259128	
19.1005	0.16893	-0.0452059	-8.89041e-05	-0.000696805	-0.0129038	
19.3654	0.156956	-0.0451089	-0.000259235	-0.000590659	-0.00100643	
19.6346	0.144878	-0.0445278	-0.000404798	-0.000492144	0.00936679	
19.8995	0.133203	-0.0435551	-0.000523328	-0.000404136	0.0180164	
20.1516	0.122373	-0.0423215	-0.000615474	-0.000328173	0.0249425	
20.3828	0.112744	-0.0409716	-0.000683889	-0.000264813	0.0302632	
20.5855	0.104569	-0.0396452	-0.000732365	-0.000214071	0.034186	
20.7534	0.0980116	-0.0384635	-0.000765003	-0.000175247	0.0369493	
20.881	0.093164	-0.0375229	-0.000785586	-0.000147714	0.0387636	
20.9642	0.0900688	-0.0368923	-0.000797159	-0.000130574	0.0398545	
21	0.0887514	-0.0366166	-0.000801706	-0.000123178	0.0403318	
21	0.0887514	-0.0366166	-0.000801706	-0.000123178	0.0403318	
21.0358	0.087444	-0.0363387	-0.000805988	-0.000115757	0.0407528	
21.119	0.0844483	-0.0356857	-0.000814915	-9.89793e-05	0.0416576	
21.2466	0.0799602	-0.0346659	-0.000825978	-7.48017e-05	0.0428409	
21.4145	0.0742553	-0.0332973	-0.000836079	-4.60679e-05	0.0440949	
21.6172	0.067674	-0.0316149	-0.000842214	-1.50519e-05	0.0452184	
21.8484	0.0605906	-0.0296748	-0.000842016	1.60174e-05	0.0460014	
22.1005	0.0533778	-0.0275527	-0.000834215	4.51232e-05	0.0463376	
22.3654	0.0463726	-0.0253372	-0.000818705	7.1239e-05	0.0461832	
22.6346	0.0398498	-0.0231223	-0.000796458	9.32716e-05	0.0455543	
22.8995	0.0340071	-0.0209969	-0.000769313	0.000111103	0.0445623	
23.1516	0.0289627	-0.0190371	-0.000739487	0.00012503	0.0433139	
23.3828	0.0247642	-0.0173032	-0.000709365	0.000135272	0.0419575	
23.5855	0.0214053	-0.0158367	-0.000681149	0.000142861	0.0406395	
23.7534	0.0188458	-0.014664	-0.000656705	0.000148202	0.0394529	
23.881	0.0170303	-0.0137989	-0.000637566	0.000151799	0.0385218	
23.9642	0.0159055	-0.0132473	-0.000624844	0.000154009	0.0378724	
24	0.0154349	-0.013013	-0.000619311	0.000154703	0.0375419	
24	0.0154349	-0.013013	-0.000619311	0.000154703	0.0375419	
24.0358	0.0149726	-0.0127807	-0.000613757	0.000155188	0.0372512	
24.119	0.0139316	-0.0122494	-0.00060081	0.00015604	0.0365629	
24.2466	0.0124198	-0.0114551	-0.000580839	0.000157007	0.0355264	
24.4145	0.0105819	-0.0104476	-0.000554375	0.000158251	0.0341414	
24.6172	0.00858211	-0.00928906	-0.000522186	0.000159116	0.0324176	
24.8484	0.00658026	-0.00804683	-0.000485361	0.000159469	0.0304341	
25.1005	0.00471261	-0.00678791	-0.000445185	0.000159087	0.0282223	
25.3654	0.00307768	-0.00557334	-0.000403224	0.0001576	0.0258893	
25.6346	0.00173065	-0.00445144	-0.00036102	0.000155839	0.0235242	
25.8995	0.000685383	-0.00345792	-0.000320051	0.000153285	0.0211808	
26.1516	-7.77194e-05	-0.00261255	-0.000281755	0.000150647	0.0190006	
26.3828	-0.000600145	-0.00192142	-0.000247197	0.000148238	0.0169873	
26.5855	-0.000933948	-0.00138129	-0.000217429	0.000145366	0.0152457	
26.7534	-0.0011315	-0.000978949	-0.000193182	0.000143634	0.0138507	
26.881	-0.0012384	-0.000701022	-0.000174967	0.000141579	0.0126866	
26.9642	-0.00128965	-0.000532686	-0.000163267	0.00014003	0.0121279	
27	-0.00130747	-0.000461674	-0.000158239	0.00014083	0.0121663	
27	-0.00130747	-0.000461674	-0.000158239	0.00014083	0.0121663	
27.0358	-0.00132278	-0.000393766	-0.000153191	0.000140227	0.0112125	
27.119	-0.00134934	-0.000245438	-0.000141701	0.000136905	0.0108171	
27.2466	-0.00136662	-2.88908e-05	-0.000124097	0.000139108	0.00986885	
27.4145	-0.00135039	0.000214164	-0.000101061	0.000134003	0.00816704	
27.6172	-0.00128141	0.000459147	-7.43296e-05	0.000131643	0.00687405	
27.8484	-0.00114888	0.000673472	-4.39369e-05	0.000128949	0.00469734	
28.1005	-0.000959513	0.000815565	-1.30691e-05	0.000116712	0.00273907	
28.3654	-0.000732179	0.000886324	1.70998e-05	0.000110411	0.00072921	
28.6346	-0.000495586	0.000852239	4.38961e-05	8.47626e-05	-0.00181781	
28.8995	-0.000284346	0.000731605	6.20969e-05	5.33783e-05	-0.00342484	
29.1516	-0.000121841	0.000541986	7.0512e-05	6.44495e-06	-0.00570899	
29.3828	-2.41139e-05	0.000298161	6.38403e-05	-6.45559e-05	-0.00661602	
29.5855	1.48001e-05	8.93862e-05	4.55696e-05	-0.000113533	-0.00603289	
29.7534	1.64156e-05	-6.35201e-05	2.33044e-05	-0.000148391	-0.00440316	
29.881	5.03809e-06	-8.89599e-05	5.6924e-06	-0.000107609	0.00290343	
29.9642	2.54371e-07	-1.94493e-05	2.64106e-07	-2.04103e-05	0.00543072	
30	6.34771e-18	-6.64564e-17	-3.5408e-18	1.38731e-18	-1.94745e-09	
