0	0.7	-1.33333	3.1415	-2.09433	57.6421	
0.0358417	0.649085	-1.68674	3.07326	-1.53856	-129.414	
0.119026	0.435968	-3.24802	3.03009	0.244618	-63.5213	
0.24661	-0.0241342	-3.92087	3.10246	0.804481	-45.0703	
0.414481	-0.829087	-5.64525	3.33814	1.82145	-36.7415	
0.617243	-1.82734	-2.84029	3.4314	-1.90999	198.177	
0.848377	-1.497	5.56132	2.38393	-5.89233	186.152	
1.10046	0.457594	8.3841	1.24037	-2.63089	-37.0664	
1.36538	2.22942	4.55378	0.847032	-1.0631	-100.775	
1.63462	2.97407	1.45464	0.544752	-1.01167	-40.1714	
1.89954	3.17048	0.0653479	0.351117	-0.572305	-32.8325	
2.15162	3.02716	-1.08785	0.195031	-0.615415	-16.9635	
2.38276	2.73513	-1.36413	0.0923162	-0.277475	-5.40235	
2.58552	2.43368	-1.62245	0.0397479	-0.270515	-6.77517	
2.75339	2.15679	-1.62812	0.00328292	-0.136637	2.46453	
2.88097	1.94916	-1.65585	-0.0117685	-0.131926	-4.34673	
2.96416	1.8109	-1.63996	-0.0224553	-0.098958	6.71391	
3	1.75273	-1.61659	-0.0253929	-0.0761948	-4.63796	
3	1.75273	-1.61659	-0.0253929	-0.0761948	-4.63796	
3.03584	1.69452	-1.62712	-0.028415	-0.0880099	-0.142832	
3.11903	1.56008	-1.59975	-0.035067	-0.0682383	2.41486	
3.24661	1.35938	-1.54856	-0.0420578	-0.0462269	1.92877	
3.41448	1.105	-1.47785	-0.0487516	-0.0321107	2.81086	
3.61724	0.816578	-1.36521	-0.0528401	-0.0098535	3.19668	
3.84838	0.515659	-1.23954	-0.0540104	-0.00234733	3.10058	
4.10046	0.221078	-1.09549	-0.0535712	0.00707675	3.41381	
4.36538	-0.048992	-0.94643	-0.0506613	0.0124704	3.05662	
4.63462	-0.285206	-0.808701	-0.0475029	0.0119791	2.99704	
4.89954	-0.481559	-0.675147	-0.0436883	0.0163908	2.81257	
5.15162	-0.637409	-0.564105	-0.0397949	0.0137251	2.45462	
5.38276	-0.756659	-0.467605	-0.0366259	0.0149089	2.46926	
5.58552	-0.843287	-0.389207	-0.0334637	0.0149802	2.08523	
5.75339	-0.903821	-0.332037	-0.0311984	0.0127765	2.07758	
5.88097	-0.943321	-0.287454	-0.0294473	0.0146317	1.98548	
5.96416	-0.96616	-0.262426	-0.0282786	0.012918	1.69026	
6	-0.975378	-0.251596	-0.0278271	0.0126534	2.04973	
6	-0.975378	-0.251596	-0.0278271	0.0126534	2.04973	
6.03584	-0.984184	-0.240008	-0.0273594	0.0132727	1.86019	
6.11903	-1.00312	-0.215565	-0.0262662	0.0128584	1.71689	
6.24661	-1.02833	-0.179824	-0.0246662	0.0123745	1.65888	
6.41448	-1.05475	-0.135638	-0.022609	0.0120396	1.51989	
6.61724	-1.07729	-0.0875139	-0.0202592	0.0111576	1.37469	
6.84838	-1.09171	-0.0382146	-0.0177535	0.0105623	1.22877	
7.10046	-1.09529	0.00855014	-0.0151954	0.00966332	1.05908	
7.36538	-1.08731	0.0505879	-0.0127618	0.0087893	0.915378	
7.63462	-1.06867	0.0867318	-0.0104863	0.00806847	0.767538	
7.89954	-1.04171	0.115889	-0.00847264	0.00714881	0.638	
8.15162	-1.00952	0.138769	-0.00675144	0.00653915	0.532329	
8.38276	-0.975412	0.155673	-0.00531307	0.00586626	0.431844	
8.58552	-0.942595	0.167657	-0.00418271	0.00533507	0.365272	
8.75339	-0.913738	0.175851	-0.00331378	0.00498981	0.30304	
8.88097	-0.890971	0.180898	-0.00270201	0.00460346	0.261946	
8.96416	-0.875799	0.18384	-0.00232569	0.00446535	0.24517	
9	-0.869189	0.184988	-0.00216676	0.00438939	0.220197	
9	-0.869189	0.184988	-0.00216676	0.00438939	0.220197	
9.03584	-0.86254	0.18604	-0.00201149	0.00428138	0.215785	
9.11903	-0.846968	0.188314	-0.00166302	0.00410355	0.195404	
9.24661	-0.82275	0.191194	-0.0011563	0.00383587	0.159857	
9.41448	-0.79041	0.193918	-0.000542213	0.00348642	0.118575	
9.61724	-0.750878	0.195768	0.000125599	0.00310438	0.0728058	
9.84838	-0.705554	0.196122	0.00079416	0.00268436	0.0259517	
10.1005	-0.656262	0.194664	0.00141751	0.00227002	-0.0178159	
10.3654	-0.605093	0.191355	0.00196565	0.00187188	-0.0577837	
10.6346	-0.554204	0.186421	0.0024186	0.00150093	-0.0913449	
10.8995	-0.5056	0.180319	0.0027733	0.00118291	-0.118556	
11.1516	-0.460979	0.173572	0.00303595	0.000904708	-0.139922	
11.3828	-0.421638	0.166754	0.00321829	0.000678662	-0.155278	
11.5855	-0.388467	0.160386	0.0033377	0.000501275	-0.166377	
11.7534	-0.362001	0.154898	0.00341033	0.000366947	-0.173516	
11.881	-0.34251	0.150629	0.0034513	0.000276052	-0.178159	
11.9642	-0.330098	0.147804	0.00347179	0.000216486	-0.18098	
12	-0.324822	0.14658	0.00347911	0.00019254	-0.18146	
12	-0.324822	0.14658	0.00347911	0.00019254	-0.18146	
12.0358	-0.31959	0.145352	0.00348561	0.000170133	-0.182677	
12.119	-0.307618	0.142485	0.00349753	0.000116305	-0.184897	
12.2466	-0.289722	0.138054	0.00350729	3.79783e-05	-0.187339	
12.4145	-0.267039	0.132187	0.00350575	-5.46885e-05	-0.189643	
12.6172	-0.240957	0.125079	0.00348418	-0.000156251	-0.191148	
12.8484	-0.212981	0.117006	0.00343613	-0.000256576	-0.191087	
13.1005	-0.184585	0.108308	0.00335961	-0.000347919	-0.189366	
13.3654	-0.157084	0.0993527	0.00325639	-0.000428726	-0.185922	
13.6346	-0.131529	0.090516	0.00313185	-0.000493376	-0.180854	
13.8995	-0.108667	0.0821359	0.00299439	-0.000542493	-0.174786	
14.1516	-0.0889335	0.0744885	0.00285283	-0.00057871	-0.168093	
14.3828	-0.0724973	0.067784	0.00271627	-0.000601457	-0.161329	
14.5855	-0.0593279	0.0621563	0.00259277	-0.000616211	-0.155133	
14.7534	-0.0492716	0.0576828	0.00248854	-0.000624722	-0.149686	
14.881	-0.0421227	0.0543997	0.00240862	-0.000627665	-0.145459	
14.9642	-0.0376846	0.0523128	0.00235635	-0.000629236	-0.142764	
15	-0.0358255	0.0514267	0.00233378	-0.000629913	-0.141553	
15	-0.0358255	0.0514267	0.00233378	-0.000629913	-0.141553	
15.0358	-0.033998	0.0505489	0.0023112	-0.000630197	-0.1403	
15.119	-0.0298769	0.0485425	0.00225877	-0.000630431	-0.137533	
15.2466	-0.0238758	0.0455487	0.00217833	-0.000630236	-0.133181	
15.4145	-0.0165493	0.0417672	0.00207281	-0.000626173	-0.127342	
15.6172	-0.00852391	0.0374369	0.00194664	-0.000618079	-0.120385	
15.8484	-0.000411701	0.0328133	0.00180511	-0.000605721	-0.112421	
16.1005	0.00726362	0.0281477	0.00165469	-0.000587075	-0.103852	
16.3654	0.0141163	0.0236552	0.00150203	-0.000565128	-0.0951055	
16.6346	0.0199177	0.0195079	0.00135322	-0.000539547	-0.086412	
16.8995	0.0245893	0.0158235	0.00121395	-0.000511772	-0.0782445	
17.1516	0.0281729	0.0126639	0.0010883	-0.000484942	-0.070792	
17.3828	0.0307929	0.0100515	0.000979256	-0.000458305	-0.0642293	
17.5855	0.0326169	0.00797165	0.000888709	-0.000435042	-0.0588101	
17.7534	0.0338208	0.00639244	0.000817276	-0.00041576	-0.0544332	
17.881	0.0345644	0.00527637	0.000765226	-0.000400156	-0.0512384	
17.9642	0.0349744	0.00458588	0.000732353	-0.000390237	-0.0492256	
18	0.0351336	0.00429754	0.000718446	-0.00038569	-0.048269	
18	0.0351336	0.00429754	0.000718446	-0.00038569	-0.048269	
18.0358	0.0352825	0.00401469	0.000704707	-0.000380964	-0.0474647	
18.119	0.0355898	0.00337781	0.000673453	-0.000370537	-0.0455539	
18.2466	0.0359611	0.00245364	0.000627175	-0.000355035	-0.0427104	
18.4145	0.0362773	0.00133044	0.000569207	-0.000335769	-0.0391428	
18.6172	0.0364207	0.00010795	0.000503424	-0.00031311	-0.0350315	
18.8484	0.0363007	-0.00111751	0.000434002	-0.000287783	-0.0306791	
19.1005	0.0358703	-0.00226611	0.000364797	-0.000261459	-0.0263047	
19.3654	0.0351316	-0.00327954	0.000299109	-0.000234608	-0.0221048	
19.6346	0.0341306	-0.0041265	0.000239435	-0.000209035	-0.0182833	
19.8995	0.032945	-0.00479876	0.000187184	-0.000185629	-0.014891	
20.1516	0.031669	-0.00530546	0.000143077	-0.0001646	-0.0120111	
20.3828	0.0303989	-0.00566916	0.000107087	-0.000147084	-0.00965191	
20.5855	0.0292233	-0.00591644	7.87478e-05	-0.000132527	-0.00775829	
20.7534	0.0282162	-0.00607537	5.746e-05	-0.000121317	-0.00636032	
20.881	0.0274347	-0.00617112	4.24771e-05	-0.000113622	-0.00536254	
20.9642	0.0269192	-0.00622243	3.32299e-05	-0.00010875	-0.00475383	
21	0.0266958	-0.00624217	2.93662e-05	-0.00010691	-0.00455535	
21	0.0266958	-0.00624217	2.93662e-05	-0.00010691	-0.00455535	
21.0358	0.0264717	-0.00626067	2.55629e-05	-0.000105335	-0.00431678	
21.119	0.0259493	-0.006298	1.69487e-05	-0.00010176	-0.00373811	
21.2466	0.0251429	-0.00633999	4.33231e-06	-9.59439e-05	-0.002866	
21.4145	0.0240758	-0.00636858	-1.11054e-05	-8.79677e-05	-0.00180054	
21.6172	0.0227841	-0.00636615	-2.79713e-05	-7.84295e-05	-0.000625649	
21.8484	0.0213173	-0.00631907	-4.48767e-05	-6.79518e-05	0.000567299	
22.1005	0.0197358	-0.00622091	-6.06552e-05	-5.7413e-05	0.00169365	
22.3654	0.0181064	-0.00607294	-7.45212e-05	-4.74471e-05	0.00270513	
22.6346	0.016496	-0.00588322	-8.60583e-05	-3.84527e-05	0.00356566	
22.8995	0.0149657	-0.00566491	-9.52041e-05	-3.07786e-05	0.00426656	
23.1516	0.0135665	-0.00543353	-0.000102144	-2.44361e-05	0.00481757	
23.3828	0.0123367	-0.00520521	-0.000107206	-1.95324e-05	0.00522595	
23.5855	0.0113025	-0.00499496	-0.000110806	-1.61157e-05	0.00551734	
23.7534	0.010479	-0.0048154	-0.000113325	-1.40497e-05	0.00570908	
23.881	0.00987346	-0.00467651	-0.000115056	-1.31988e-05	0.00582317	
23.9642	0.00948824	-0.00458495	-0.000116142	-1.29013e-05	0.00591434	
24	0.00932463	-0.00454512	-0.000116601	-1.26868e-05	0.00597622	
24	0.00932463	-0.00454512	-0.000116601	-1.26868e-05	0.00597622	
24.0358	0.00916244	-0.00450473	-0.000117047	-1.21151e-05	0.0061034	
24.119	0.00879168	-0.00440931	-0.000117967	-9.95405e-06	0.00624312	
24.2466	0.00823856	-0.00426109	-0.000119038	-6.97733e-06	0.00635151	
24.4145	0.00753977	-0.00406372	-0.000119936	-3.76628e-06	0.0064863	
24.6172	0.00674022	-0.00382256	-0.000120338	-3.04169e-07	0.0066004	
24.8484	0.00588863	-0.00354607	-0.00012002	2.98348e-06	0.0066796	
25.1005	0.00503279	-0.00324433	-0.000118843	6.33163e-06	0.00672204	
25.3654	0.0042151	-0.00292936	-0.000116729	9.56611e-06	0.00670337	
25.6346	0.00346897	-0.00261392	-0.00011374	1.26215e-05	0.00663575	
25.8995	0.00281689	-0.00231018	-0.000110005	1.55556e-05	0.00651755	
26.1516	0.00227015	-0.00202909	-0.000105735	1.83736e-05	0.00636985	
26.3828	0.0018302	-0.00177913	-0.00010115	2.13761e-05	0.00620469	
26.5855	0.00149108	-0.00156705	-9.65216e-05	2.43355e-05	0.00602924	
26.7534	0.00124237	-0.00139685	-9.21912e-05	2.74157e-05	0.00588736	
26.881	0.00107223	-0.00127075	-8.85055e-05	3.0458e-05	0.00576822	
26.9642	0.000969885	-0.00119017	-8.5878e-05	3.278e-05	0.00569545	
27	0.000927845	-0.00115574	-8.4682e-05	3.39986e-05	0.00569091	
27	0.000927845	-0.00115574	-8.4682e-05	3.39986e-05	0.00569091	
27.0358	0.000887031	-0.0011219	-8.34445e-05	3.49381e-05	0.00551661	
27.119	0.000796877	-0.00104617	-8.04977e-05	3.57836e-05	0.00530671	
27.2466	0.000670565	-0.000934809	-7.58716e-05	3.6728e-05	0.00506195	
27.4145	0.000525332	-0.00079724	-6.96299e-05	3.7525e-05	0.00470307	
27.6172	0.000379378	-0.000644904	-6.19606e-05	3.81247e-05	0.00427879	
27.8484	0.000248622	-0.000489963	-5.30919e-05	3.84848e-05	0.00376028	
28.1005	0.000143941	-0.000344647	-4.3426e-05	3.81531e-05	0.00319114	
28.3654	6.99925e-05	-0.000218179	-3.33903e-05	3.74762e-05	0.00257937	
28.6346	2.53253e-05	-0.000118543	-2.35629e-05	3.51975e-05	0.0019241	
28.8995	3.78791e-06	-4.85638e-05	-1.47056e-05	3.14418e-05	0.00130572	
29.1516	-2.75518e-06	-7.65526e-06	-7.46169e-06	2.53986e-05	0.000685032	
29.3828	-2.35157e-06	7.95867e-06	-2.56627e-06	1.65565e-05	0.000179715	
29.5855	-5.46172e-07	8.02218e-06	-1.1392e-07	7.45718e-06	-0.000154014	
29.7534	2.83273e-07	1.25142e-06	4.56857e-07	-4.91129e-07	-0.000279556	
29.881	1.50802e-07	-2.32449e-06	1.71442e-07	-2.88535e-06	2.71049e-06	
29.9642	8.75315e-09	-6.58454e-07	9.09037e-09	-6.91424e-07	0.000176441	
30	2.26122e-17	-2.47196e-16	-1.42822e-17	7.63848e-18	-6.97134e-11	
