0	0.233333	-1.33333	-1.70292e-16	-4.70184e-17	42.4787	
0.0358417	0.195878	-0.644745	0.0102387	0.673243	159.73	
0.119026	0.229265	1.27963	0.142128	2.28177	97.7454	
0.24661	0.483018	2.57322	0.486857	3.00817	58.7173	
0.414481	1.06554	4.30968	1.05856	3.71202	44.2174	
0.617243	1.91304	3.2227	1.82522	3.89905	-98.1939	
0.848377	2.2191	-0.101182	2.82078	4.43462	-27.9372	
1.10046	2.43852	3.31362	3.45069	-0.569443	179.804	
1.36538	4.47439	11.9708	2.46391	-5.49039	173.531	
1.63462	8.28657	14.6672	1.32301	-2.34152	-50.1235	
1.89954	11.603	9.84388	0.995219	-0.833434	-124.768	
2.15162	13.5556	6.15892	0.775109	-0.750788	-56.3768	
2.38276	14.7349	3.95379	0.644942	-0.541287	-67.3763	
2.58552	15.3185	1.96166	0.503223	-0.762609	-40.475	
2.75339	15.5789	1.2054	0.402507	-0.436752	-27.0454	
2.88097	15.689	0.490172	0.345345	-0.496815	-33.2366	
2.96416	15.7163	0.234041	0.307109	-0.36917	-7.21189	
3	15.7236	0.146104	0.295264	-0.316987	-33.061	
3	15.7236	0.146104	0.295264	-0.316987	-33.061	
3.03584	15.7258	-0.0120354	0.283393	-0.336021	-22.5613	
3.11903	15.7141	-0.255888	0.257401	-0.281871	-16.2941	
3.24661	15.6599	-0.596346	0.225731	-0.226861	-16.7452	
3.41448	15.5237	-1.01123	0.190045	-0.195956	-13.6919	
3.61724	15.2775	-1.40362	0.155534	-0.14759	-11.2878	
3.84838	14.9072	-1.79098	0.123988	-0.129841	-9.79674	
4.10046	14.4121	-2.11834	0.0938975	-0.105353	-7.15409	
4.36538	13.8155	-2.37745	0.0692887	-0.0856082	-6.01356	
4.63462	13.1456	-2.58603	0.0467754	-0.079435	-4.33084	
4.89954	12.4423	-2.71371	0.0283566	-0.0600981	-2.97806	
5.15162	11.7464	-2.80336	0.0137795	-0.0578471	-2.36778	
5.38276	11.0927	-2.84439	0.00119282	-0.0478253	-0.998969	
5.58552	10.5149	-2.85394	-0.00739741	-0.0402215	-0.887212	
5.75339	10.0354	-2.85574	-0.0143537	-0.0408593	-0.112233	
5.88097	9.67205	-2.83853	-0.0189947	-0.0318375	0.295652	
5.96416	9.43629	-2.83109	-0.0216551	-0.0336913	-0.148671	
6	9.33488	-2.82627	-0.0228749	-0.0333551	0.992044	
6	9.33488	-2.82627	-0.0228749	-0.0333551	0.992044	
6.03584	9.23373	-2.81839	-0.0240123	-0.0305749	0.636733	
6.11903	8.99992	-2.80315	-0.0264792	-0.029158	0.607883	
6.24661	8.64399	-2.77508	-0.030064	-0.0266425	0.97567	
6.41448	8.18187	-2.72951	-0.0341815	-0.0227133	1.24386	
6.61724	7.63471	-2.66579	-0.0384666	-0.0195485	1.56702	
6.84838	7.02818	-2.58053	-0.0424839	-0.0151711	1.90733	
7.10046	6.39057	-2.47672	-0.0458149	-0.0115312	2.15465	
7.36538	5.74997	-2.3578	-0.0484259	-0.00805389	2.40959	
7.63462	5.13239	-2.22868	-0.0501022	-0.00460674	2.56935	
7.89954	4.55928	-2.09733	-0.051007	-0.00225567	2.68537	
8.15162	4.04672	-1.96895	-0.0512579	0.000277894	2.76973	
8.38276	3.60531	-1.85064	-0.050987	0.00189429	2.77967	
8.58552	3.24057	-1.74701	-0.0504804	0.00320742	2.80818	
8.75339	2.9545	-1.66146	-0.0498345	0.00438458	2.78505	
8.88097	2.74661	-1.59741	-0.0492465	0.00482669	2.76916	
8.96416	2.61547	-1.55569	-0.048824	0.00538371	2.78044	
9	2.56003	-1.53784	-0.048627	0.00556933	2.73472	
9	2.56003	-1.53784	-0.048627	0.00556933	2.73472	
9.03584	2.50523	-1.52014	-0.0484261	0.00565968	2.74445	
9.11903	2.38048	-1.47913	-0.0479401	0.00603656	2.7351	
9.24661	2.19575	-1.41692	-0.0471356	0.00655072	2.70097	
9.41448	1.96466	-1.33655	-0.0459876	0.00712075	2.65571	
9.61724	1.70331	-1.24184	-0.0444791	0.00773448	2.58944	
9.84838	1.42841	-1.13753	-0.0426288	0.00825038	2.50286	
10.1005	1.15551	-1.02848	-0.040491	0.00869295	2.3999	
10.3654	0.8976	-0.919617	-0.0381443	0.00898991	2.28012	
10.6346	0.664184	-0.815297	-0.0357012	0.00914318	2.15356	
10.8995	0.46109	-0.719013	-0.0332687	0.00919931	2.02358	
11.1516	0.290756	-0.633404	-0.030957	0.00912555	1.89722	
11.3828	0.152929	-0.560014	-0.0288602	0.00901358	1.78234	
11.5855	0.045563	-0.499648	-0.0270468	0.0088597	1.67972	
11.7534	-0.0343204	-0.45249	-0.0255735	0.00869381	1.59729	
11.881	-0.0898546	-0.418303	-0.0244718	0.00857346	1.53478	
11.9642	-0.123752	-0.396798	-0.0237626	0.00847316	1.49294	
12	-0.137811	-0.387717	-0.0234598	0.00842955	1.47727	
12	-0.137811	-0.387717	-0.0234598	0.00842955	1.47727	
12.0358	-0.151546	-0.378743	-0.0231583	0.00838934	1.45931	
12.119	-0.1822	-0.35835	-0.0224648	0.00828487	1.41898	
12.2466	-0.225982	-0.328217	-0.0214184	0.00811635	1.35858	
12.4145	-0.277894	-0.29064	-0.0200752	0.00788438	1.28044	
12.6172	-0.332478	-0.248314	-0.0185064	0.00758733	1.18852	
12.8484	-0.384672	-0.20401	-0.0167934	0.00723274	1.08739	
13.1005	-0.430489	-0.160278	-0.0150206	0.00683072	0.981804	
13.3654	-0.467402	-0.119211	-0.0132681	0.00639818	0.87658	
13.6346	-0.494426	-0.0823096	-0.0116052	0.005954	0.775829	
13.8995	-0.511917	-0.0504513	-0.0100858	0.00551719	0.683027	
14.1516	-0.52122	-0.0239523	-0.00874683	0.00510722	0.600596	
14.3828	-0.524246	-0.00269702	-0.00760922	0.00473757	0.529998	
14.5855	-0.523094	0.0137167	-0.00668089	0.00442068	0.472041	
14.7534	-0.519757	0.0258267	-0.00596038	0.00416416	0.426721	
14.881	-0.515922	0.0341821	-0.00544139	0.00397209	0.393917	
14.9642	-0.512865	0.0392531	-0.0051161	0.00384918	0.373352	
15	-0.511421	0.0413491	-0.00497908	0.00379685	0.364638	
15	-0.511421	0.0413491	-0.00497908	0.00379685	0.364638	
15.0358	-0.509902	0.0433931	-0.00484392	0.00374539	0.356236	
15.119	-0.506101	0.0479394	-0.00453724	0.00362824	0.336719	
15.2466	-0.499567	0.0543871	-0.00408572	0.0034503	0.307849	
15.4145	-0.489788	0.0619503	-0.0035257	0.00322314	0.271966	
15.6172	-0.47641	0.0697761	-0.00289922	0.0029577	0.231416	
15.8484	-0.459406	0.0770853	-0.00224944	0.00266756	0.189119	
16.1005	-0.439156	0.0832855	-0.00161482	0.00237067	0.147427	
16.3654	-0.416427	0.088017	-0.0010261	0.00207697	0.108245	
16.6346	-0.392269	0.0911735	-0.00050464	0.00180062	0.0732262	
16.8995	-0.367863	0.0928594	-6.11597e-05	0.00155048	0.0429497	
17.1516	-0.344375	0.0933248	0.00030146	0.00132969	0.0178401	
17.3828	-0.322838	0.0929099	0.00058718	0.00114556	-0.00217474	
17.5855	-0.304086	0.091968	0.000804134	0.000995937	-0.0177291	
17.7534	-0.288739	0.0908295	0.0009615	0.000880637	-0.0290486	
17.881	-0.277216	0.0897729	0.00106867	0.000800257	-0.0368521	
17.9642	-0.26978	0.0890014	0.00113313	0.000749554	-0.0417153	
18	-0.266596	0.0886499	0.00115961	0.000728072	-0.043653	
18	-0.266596	0.0886499	0.00115961	0.000728072	-0.043653	
18.0358	-0.263426	0.0882873	0.00118532	0.000706787	-0.0456817	
18.119	-0.256118	0.0874039	0.00124205	0.000657305	-0.0500793	
18.2466	-0.245058	0.0859446	0.0013212	0.000584139	-0.0561956	
18.4145	-0.230804	0.083853	0.00141162	0.000494195	-0.0633569	
18.6172	-0.214077	0.0811019	0.0015015	0.000393832	-0.0707776	
18.8484	-0.195717	0.0777201	0.00158032	0.000290118	-0.0776725	
19.1005	-0.176615	0.0738017	0.00164051	0.000189513	-0.0834993	
19.3654	-0.15763	0.0694992	0.00167811	9.64159e-05	-0.0879183	
19.6346	-0.139521	0.0650061	0.00169277	1.45408e-05	-0.0908039	
19.8995	-0.122892	0.0605312	0.00168724	-5.44482e-05	-0.0922848	
20.1516	-0.10817	0.0562732	0.00166626	-0.000110473	-0.0925934	
20.3828	-0.0956115	0.0524048	0.00163557	-0.000153941	-0.0920574	
20.5855	-0.0853257	0.049061	0.00160096	-0.000186669	-0.0910499	
20.7534	-0.0773189	0.0463393	0.00156759	-0.000210443	-0.0898726	
20.881	-0.0715369	0.0443042	0.00153969	-0.000226672	-0.0888002	
20.9642	-0.067906	0.0429943	0.00152042	-0.000236544	-0.0880204	
21	-0.0663751	0.0424344	0.00151187	-0.000240568	-0.0876496	
21	-0.0663751	0.0424344	0.00151187	-0.000240568	-0.0876496	
21.0358	-0.0648642	0.0418776	0.00150318	-0.000244148	-0.087194	
21.119	-0.061434	0.0405973	0.00148257	-0.000251105	-0.0862392	
21.2466	-0.0563781	0.0386649	0.00144991	-0.000260839	-0.0847878	
21.4145	-0.0500968	0.0361821	0.00140512	-0.000272495	-0.0827103	
21.6172	-0.0430565	0.0332799	0.00134865	-0.000283979	-0.0799862	
21.8484	-0.0357338	0.0301076	0.00128181	-0.000293858	-0.0766605	
22.1005	-0.0285624	0.0268211	0.00120677	-0.000300901	-0.0728059	
22.3654	-0.0218924	0.0235691	0.00112652	-0.000304285	-0.0685732	
22.6346	-0.0159672	0.0204807	0.00104454	-0.000304096	-0.0641557	
22.8995	-0.0109201	0.017657	0.000964348	-0.000300825	-0.0597493	
23.1516	-0.00678695	0.015168	0.000889195	-0.000295014	-0.0555434	
23.3828	-0.00352853	0.0130535	0.000821829	-0.0002876	-0.0517204	
23.5855	-0.00105871	0.0113285	0.000764304	-0.000279536	-0.0484001	
23.7534	0.000729607	0.00999089	0.000718046	-0.000271312	-0.0456763	
23.881	0.00194238	0.00902816	0.000683881	-0.000264157	-0.0436531	
23.9642	0.00266816	0.00842505	0.000662115	-0.000259059	-0.0423239	
24	0.00296557	0.00817134	0.000652874	-0.000256524	-0.0417126	
24	0.00296557	0.00817134	0.000652874	-0.000256524	-0.0417126	
24.0358	0.00325395	0.0079208	0.000643723	-0.000254285	-0.041315	
24.119	0.00388902	0.00735096	0.000622733	-0.000250463	-0.040143	
24.2466	0.00477288	0.00651149	0.000591147	-0.000244674	-0.0383045	
24.4145	0.00577747	0.00546853	0.000550668	-0.000237744	-0.0359786	
24.6172	0.00676615	0.00430008	0.000503282	-0.000229596	-0.0332017	
24.8484	0.00761737	0.00308589	0.000451267	-0.000220693	-0.0301784	
25.1005	0.00824265	0.00189867	0.000396762	-0.000211681	-0.02696	
25.3654	0.00859686	0.000800149	0.000342001	-0.000201846	-0.0237181	
25.6346	0.00867857	-0.000169073	0.000288797	-0.000193677	-0.0205964	
25.8995	0.00852296	-0.000982835	0.000238516	-0.000185734	-0.0175645	
26.1516	0.00819074	-0.00163379	0.00019262	-0.000178873	-0.0148664	
26.3828	0.00775382	-0.00213098	0.000151787	-0.000174425	-0.0124191	
26.5855	0.00728427	-0.00248852	0.000116903	-0.000169685	-0.0103092	
26.7534	0.00684537	-0.00273313	8.86112e-05	-0.00016786	-0.00870839	
26.881	0.00648652	-0.00288706	6.72801e-05	-0.000165973	-0.00727386	
26.9642	0.00624276	-0.00297232	5.35626e-05	-0.000164443	-0.00673203	
27	0.00613558	-0.00300876	4.76363e-05	-0.000166925	-0.0071077	
27	0.00613558	-0.00300876	4.76363e-05	-0.000166925	-0.0071077	
27.0358	0.00602715	-0.00303996	4.16432e-05	-0.000166035	-0.00522815	
27.119	0.00577183	-0.00309848	2.81958e-05	-0.000159267	-0.00503275	
27.2466	0.00537086	-0.00318337	7.50186e-06	-0.000165189	-0.00396782	
27.4145	0.00483103	-0.00323682	-1.95938e-05	-0.000154614	-0.00155265	
27.6172	0.00417301	-0.00324816	-5.01588e-05	-0.000151687	-0.000426031	
27.8484	0.00342686	-0.00318925	-8.56099e-05	-0.000149583	0.00253463	
28.1005	0.00264431	-0.00300403	-0.000120039	-0.000125265	0.00486874	
28.3654	0.00188267	-0.00273074	-0.000152271	-0.000117536	0.00709615	
28.6346	0.00119967	-0.00231666	-0.000178683	-7.01945e-05	0.0106322	
28.8995	0.000652194	-0.00180764	-0.000189281	-1.25132e-05	0.0120965	
29.1516	0.00026481	-0.00124531	-0.00018368	7.04535e-05	0.015102	
29.3828	4.62233e-05	-0.000643824	-0.000152303	0.000201119	0.0155426	
29.5855	-3.50949e-05	-0.000173346	-0.000102827	0.000280956	0.0130127	
29.7534	-3.59376e-05	0.000146485	-5.08565e-05	0.000331467	0.00894931	
29.881	-1.08429e-05	0.000192314	-1.22486e-05	0.000232445	-0.00647583	
29.9642	-5.44909e-07	4.16839e-05	-5.6576e-07	4.37428e-05	-0.0116535	
30	-3.3948e-17	3.64328e-16	2.07621e-17	-1.11239e-17	4.16732e-09	
