0	0.7	-2.66667	2.09433	6.65039e-17	99.0021	
0.0358417	0.604048	-2.89101	2.09979	0.40104	-116.392	
0.119026	0.302335	-4.13341	2.18673	1.52707	-34.8695	
0.24661	-0.249431	-4.65335	2.42115	2.19509	-63.8746	
0.414481	-1.23666	-7.04558	2.92593	3.59207	-49.9391	
0.617243	-2.52214	-4.16133	3.36746	-0.468173	204.85	
0.848377	-2.47129	4.50712	2.48474	-5.89114	200.361	
1.10046	-0.658995	8.38896	1.28564	-2.77675	-12.5319	
1.36538	1.16208	4.57947	0.894019	-1.0608	-119.999	
1.63462	1.81938	0.964426	0.563095	-1.12185	-37.7424	
1.89954	1.91206	-0.300149	0.369082	-0.547749	-38.564	
2.15162	1.63113	-1.77803	0.187663	-0.793428	-18.0385	
2.38276	1.2007	-1.8347	0.0675919	-0.24431	-1.14254	
2.58552	0.801725	-2.15612	0.0144813	-0.340105	-8.83093	
2.75339	0.442325	-2.02789	-0.0285601	-0.106144	9.38366	
2.88097	0.186398	-2.06295	-0.0401458	-0.153934	-9.37007	
2.96416	0.0140185	-2.01163	-0.053608	-0.102944	17.6563	
3	-0.0565537	-1.95377	-0.0559741	-0.0577545	-11.9436	
3	-0.0565537	-1.95377	-0.0559741	-0.0577545	-11.9436	
3.03584	-0.127325	-1.98432	-0.0590191	-0.100522	-0.621043	
3.11903	-0.29054	-1.92726	-0.0666984	-0.0736637	5.41064	
3.24661	-0.529677	-1.82945	-0.0735597	-0.0449991	3.41758	
3.41448	-0.827568	-1.71164	-0.0807074	-0.0348681	4.98435	
3.61724	-1.15529	-1.51899	-0.0838222	0.00147702	5.43315	
3.84838	-1.48315	-1.32247	-0.0825294	0.00552196	4.82165	
4.10046	-1.78902	-1.09958	-0.0798961	0.0194588	5.46037	
4.36538	-2.04941	-0.874005	-0.0730055	0.0268702	4.50876	
4.63462	-2.25824	-0.677784	-0.0668582	0.0217234	4.42943	
4.89954	-2.41175	-0.483821	-0.0597433	0.0310933	4.08221	
5.15162	-2.51407	-0.333871	-0.052677	0.0230679	3.30593	
5.38276	-2.57632	-0.203211	-0.0474116	0.0257422	3.50728	
5.58552	-2.60645	-0.0991129	-0.0418394	0.025837	2.64845	
5.75339	-2.61725	-0.0290253	-0.0381549	0.0200914	2.75271	
5.88097	-2.61717	0.0297736	-0.0352689	0.0250406	2.60496	
5.96416	-2.61342	0.0586475	-0.0333116	0.0205738	1.88736	
6	-2.6111	0.0714834	-0.0326042	0.0198868	2.85869	
6	-2.6111	0.0714834	-0.0326042	0.0198868	2.85869	
6.03584	-2.60826	0.0864989	-0.0318538	0.0215387	2.3906	
6.11903	-2.59983	0.115602	-0.0300868	0.0205456	2.07713	
6.24661	-2.5824	0.157453	-0.0275619	0.0194394	2.01985	
6.41448	-2.5516	0.208373	-0.0243296	0.0188256	1.77918	
6.61724	-2.50387	0.261002	-0.0207176	0.0168551	1.54421	
6.84838	-2.4374	0.312819	-0.0169633	0.0157522	1.32727	
7.10046	-2.35253	0.358568	-0.0131906	0.0140032	1.05583	
7.36538	-2.25238	0.396046	-0.00972902	0.0123343	0.850852	
7.63462	-2.14163	0.424917	-0.00655974	0.0111019	0.6319	
7.89954	-2.02635	0.444034	-0.00385196	0.00937812	0.447678	
8.15162	-1.91281	0.455891	-0.00162053	0.00840865	0.309441	
8.38276	-1.80671	0.461273	0.000199901	0.0072401	0.16667	
8.58552	-1.71303	0.462351	0.00156518	0.00635691	0.0904961	
8.75339	-1.63547	0.461268	0.00259767	0.00587925	0.00679049	
8.88097	-1.57677	0.458843	0.00330476	0.00521131	-0.044651	
8.96416	-1.53868	0.456978	0.00372946	0.00505072	-0.0547569	
9	-1.52231	0.456017	0.0039091	0.0049386	-0.103435	
9	-1.52231	0.456017	0.0039091	0.0049386	-0.103435	
9.03584	-1.50599	0.454898	0.00408239	0.00474785	-0.100581	
9.11903	-1.46826	0.452203	0.0044658	0.00448627	-0.121108	
9.24661	-1.41086	0.447369	0.00501318	0.00408217	-0.165149	
9.41448	-1.33638	0.439799	0.00565214	0.00354419	-0.21168	
9.61724	-1.24826	0.429143	0.00631302	0.00298019	-0.262179	
9.84838	-1.15065	0.415179	0.00692844	0.00235033	-0.311961	
10.1005	-1.0481	0.398212	0.00744313	0.0017519	-0.354002	
10.3654	-0.945137	0.378863	0.00783259	0.00119322	-0.390072	
10.6346	-0.845915	0.358012	0.00808277	0.00068075	-0.415992	
10.8995	-0.753871	0.336769	0.00820663	0.00026447	-0.433368	
11.1516	-0.671572	0.316152	0.00822719	-9.50586e-05	-0.443857	
11.3828	-0.600695	0.297148	0.0081725	-0.000366686	-0.447213	
11.5855	-0.542131	0.280534	0.00807734	-0.000570469	-0.447877	
11.7534	-0.496185	0.266883	0.00796834	-0.000722234	-0.445346	
11.881	-0.462791	0.256622	0.00787031	-0.000812696	-0.442513	
11.9642	-0.441721	0.249981	0.00780018	-0.00087432	-0.440884	
12	-0.432812	0.247137	0.0077684	-0.000897665	-0.438513	
12	-0.432812	0.247137	0.0077684	-0.000897665	-0.438513	
12.0358	-0.424005	0.244304	0.00773587	-0.000918356	-0.438198	
12.119	-0.403955	0.237761	0.00765722	-0.000972675	-0.435765	
12.2466	-0.374255	0.227837	0.00752812	-0.00104941	-0.430768	
12.4145	-0.337088	0.215008	0.00734421	-0.00114037	-0.423457	
12.6172	-0.295033	0.199896	0.00710292	-0.00123642	-0.412944	
12.8484	-0.250767	0.183242	0.00680673	-0.00132294	-0.399272	
13.1005	-0.206787	0.165835	0.00646352	-0.00139661	-0.382737	
13.3654	-0.165177	0.148456	0.00608602	-0.00144887	-0.36367	
13.6346	-0.12747	0.131807	0.00569142	-0.00147929	-0.343236	
13.8995	-0.0946086	0.116452	0.00529752	-0.00149106	-0.322236	
14.1516	-0.0669931	0.102809	0.00492223	-0.00148395	-0.301783	
14.3828	-0.0445954	0.09113	0.00458105	-0.00146674	-0.282956	
14.5855	-0.0271005	0.0815382	0.00428598	-0.00144201	-0.266301	
14.7534	-0.0140464	0.0740553	0.00404611	-0.00141523	-0.252732	
14.881	-0.00494604	0.0686402	0.00386693	-0.00139318	-0.242488	
14.9642	0.000621482	0.065236	0.00375171	-0.00137671	-0.235811	
15	0.00293385	0.0637992	0.0037025	-0.00136963	-0.233128	
15	0.00293385	0.0637992	0.0037025	-0.00136963	-0.233128	
15.0358	0.00519504	0.0623804	0.00365353	-0.00136248	-0.230165	
15.119	0.0102494	0.0591581	0.00354095	-0.00134418	-0.223629	
15.2466	0.0174912	0.0544006	0.00337125	-0.00131621	-0.213871	
15.4145	0.0261208	0.0484751	0.00315339	-0.00127908	-0.201213	
15.6172	0.0352653	0.0418127	0.00289872	-0.00123281	-0.18633	
15.8484	0.0441128	0.0348561	0.00262002	-0.00117838	-0.169889	
16.1005	0.052021	0.0280143	0.00233076	-0.00111617	-0.152656	
16.3654	0.0585782	0.0216213	0.00204395	-0.00104875	-0.135413	
16.6346	0.0636142	0.0159157	0.00177105	-0.000977969	-0.118801	
16.8995	0.0671684	0.0110336	0.00152142	-0.000906439	-0.103448	
17.1516	0.0694311	0.00701759	0.00130163	-0.000837028	-0.0897426	
17.3828	0.0706769	0.00383903	0.00111572	-0.000771325	-0.0779803	
17.5855	0.0712044	0.00142012	0.000965274	-0.00071244	-0.0683329	
17.7534	0.0712923	-0.000337568	0.000849881	-0.00066196	-0.0607782	
17.881	0.0711717	-0.00153359	0.00076794	-0.000622508	-0.0553795	
17.9642	0.0710139	-0.00225161	0.000717237	-0.000596317	-0.0519136	
18	0.0709279	-0.00254562	0.000696079	-0.000584113	-0.0502967	
18	0.0709279	-0.00254562	0.000696079	-0.000584113	-0.0502967	
18.0358	0.0708315	-0.00283094	0.000675367	-0.000571784	-0.0490527	
18.119	0.0705694	-0.00346357	0.000628911	-0.000545553	-0.0461024	
18.2466	0.0700697	-0.00435474	0.000561699	-0.00050862	-0.0417524	
18.4145	0.0692496	-0.00539062	0.000480065	-0.000464771	-0.0364573	
18.6172	0.0680457	-0.00645104	0.000390761	-0.000416774	-0.0305803	
18.8484	0.0664372	-0.00742881	0.000300356	-0.000366147	-0.024557	
19.1005	0.0644564	-0.00824626	0.000214584	-0.000314988	-0.0187587	
19.3654	0.0621852	-0.00886108	0.000137869	-0.00026475	-0.013475	
19.6346	0.0597402	-0.00926724	7.30287e-05	-0.000217568	-0.00892937	
19.8995	0.0572525	-0.00948666	2.11319e-05	-0.000174773	-0.00518888	
20.1516	0.0548495	-0.00955889	-1.8138e-05	-0.000137415	-0.00228627	
20.3828	0.0526418	-0.00953074	-4.62538e-05	-0.00010629	-0.00012081	
20.5855	0.0507171	-0.00944564	-6.51854e-05	-8.0711e-05	0.00142459	
20.7534	0.0491398	-0.00934115	-7.70601e-05	-6.098e-05	0.00245275	
20.881	0.0479541	-0.00924443	-8.39026e-05	-4.62042e-05	0.00315301	
20.9642	0.047188	-0.00917482	-8.7349e-05	-3.6924e-05	0.00340698	
21	0.0468597	-0.00914452	-8.86167e-05	-3.40349e-05	0.00331538	
21	0.0468597	-0.00914452	-8.86167e-05	-3.40349e-05	0.00331538	
21.0358	0.0465324	-0.00911493	-8.98062e-05	-3.25174e-05	0.00323606	
21.119	0.0457771	-0.00904605	-9.24332e-05	-3.07204e-05	0.00339611	
21.2466	0.04463	-0.00893398	-9.61109e-05	-2.64711e-05	0.00383852	
21.4145	0.0431434	-0.00877473	-9.98825e-05	-1.82189e-05	0.00429341	
21.6172	0.0413849	-0.00856947	-0.00010247	-7.18092e-06	0.00469968	
21.8484	0.0394323	-0.00832427	-0.000102627	5.73072e-06	0.00496196	
22.1005	0.0373682	-0.00805322	-9.95684e-05	1.81469e-05	0.00498549	
22.3654	0.0352719	-0.00777452	-9.3295e-05	2.88313e-05	0.00478906	
22.6346	0.033215	-0.00750731	-8.43754e-05	3.68445e-05	0.00436113	
22.8995	0.0312584	-0.00726884	-7.39706e-05	4.1095e-05	0.0037676	
23.1516	0.0294518	-0.00707	-6.34798e-05	4.14405e-05	0.00307794	
23.3828	0.027836	-0.00691584	-5.42903e-05	3.7219e-05	0.00234805	
23.5855	0.0264454	-0.00680479	-4.75143e-05	2.87763e-05	0.00166645	
23.7534	0.0253095	-0.00673091	-4.35897e-05	1.71182e-05	0.00106165	
23.881	0.0244537	-0.00668609	-4.21756e-05	4.49126e-06	0.000614462	
23.9642	0.0238986	-0.00666168	-4.22066e-05	-5.45365e-06	0.000357761	
24	0.02366	-0.00665225	-4.24858e-05	-1.01842e-05	0.000240626	
24	0.02366	-0.00665225	-4.24858e-05	-1.01842e-05	0.000240626	
24.0358	0.0234217	-0.00664229	-4.29258e-05	-1.40509e-05	0.000523198	
24.119	0.0228703	-0.00661512	-4.4312e-05	-1.86779e-05	0.000804425	
24.2466	0.0220292	-0.00656961	-4.69773e-05	-2.29324e-05	0.000959178	
24.4145	0.0209317	-0.0065043	-5.11875e-05	-2.67954e-05	0.00125187	
24.6172	0.0196218	-0.00641409	-5.68234e-05	-2.8446e-05	0.0016456	
24.8484	0.0181525	-0.00629721	-6.35194e-05	-2.95045e-05	0.002057	
25.1005	0.016583	-0.00615204	-7.1043e-05	-2.99439e-05	0.00256613	
25.3654	0.0149757	-0.00597863	-7.89269e-05	-2.96578e-05	0.00307241	
25.6346	0.013392	-0.00578243	-8.69831e-05	-3.02738e-05	0.00357711	
25.8995	0.011888	-0.00556854	-9.50556e-05	-3.05896e-05	0.00411106	
26.1516	0.0105119	-0.0053466	-0.000102867	-3.17056e-05	0.00456561	
26.3828	0.00930105	-0.00512783	-0.000110434	-3.37293e-05	0.00503802	
26.5855	0.00828197	-0.0049221	-0.000117416	-3.52434e-05	0.00545702	
26.7534	0.0074706	-0.00474317	-0.000123527	-3.77508e-05	0.00578586	
26.881	0.00687449	-0.00460015	-0.000128437	-3.88124e-05	0.00619838	
26.9642	0.00649585	-0.00450331	-0.000131666	-3.91585e-05	0.00624792	
27	0.00633518	-0.00446254	-0.000133096	-4.09956e-05	0.00594733	
27	0.00633518	-0.00446254	-0.000133096	-4.09956e-05	0.00594733	
27.0358	0.006176	-0.00441897	-0.000134572	-4.03925e-05	0.00701974	
27.119	0.00581286	-0.00431282	-0.000137714	-3.66147e-05	0.00675659	
27.2466	0.00527252	-0.00415687	-0.000142742	-4.22111e-05	0.00696041	
27.4145	0.00459343	-0.00392923	-0.000149531	-3.65e-05	0.00795214	
27.6172	0.00382581	-0.00364322	-0.000156509	-3.54791e-05	0.00794746	
27.8484	0.0030224	-0.00330172	-0.000165056	-3.47861e-05	0.00906233	
28.1005	0.0022418	-0.00288819	-0.000171758	-1.96262e-05	0.00966149	
28.3654	0.00153497	-0.00244514	-0.000176505	-1.57751e-05	0.0101731	
28.6346	0.000942121	-0.00194899	-0.000177419	1.44224e-05	0.0115149	
28.8995	0.000493547	-0.00143928	-0.000168684	4.93267e-05	0.011458	
29.1516	0.000192347	-0.000943064	-0.000150966	0.000100185	0.0125512	
29.3828	3.00652e-05	-0.000465547	-0.000118403	0.000180779	0.0119164	
29.5855	-2.7254e-05	-0.000114239	-7.69436e-05	0.000223618	0.00944623	
29.7534	-2.62707e-05	0.000112053	-3.70554e-05	0.000246659	0.00613599	
29.881	-7.78333e-06	0.00013888	-8.7897e-06	0.00016768	-0.00484932	
29.9642	-3.88203e-07	2.97262e-05	-4.03052e-07	3.11933e-05	-0.0083307	
30	-8.78447e-18	1.61755e-16	1.00528e-17	-5.3044e-18	2.96123e-09	
