0	0.7	-3.24792e-15	-4.36366e-16	-2.12072e-17	43.2168	
0.0358417	0.71049	0.699169	0.0103905	0.683468	162.464	
0.119026	0.856755	2.64298	0.144076	2.30756	97.7878	
0.24661	1.28218	3.88964	0.489658	2.98842	55.4313	
0.414481	2.07616	5.50387	1.05267	3.63485	38.8982	
0.617243	3.14476	4.20161	1.80103	3.80911	-104.9	
0.848377	3.65124	0.675272	2.78712	4.46586	-31.3294	
1.10046	4.05182	3.9857	3.44307	-0.430637	178.018	
1.36538	6.25763	12.595	2.48044	-5.46442	173.452	
1.63462	10.238	15.2848	1.33765	-2.35192	-51.1381	
1.89954	13.7052	10.348	1.01233	-0.810393	-127.975	
2.15162	15.7708	6.56235	0.798751	-0.721858	-58.2128	
2.38276	17.0318	4.23934	0.674378	-0.529393	-71.9484	
2.58552	17.6584	2.1123	0.531506	-0.777541	-42.8716	
2.75339	17.9402	1.3121	0.429601	-0.437583	-29.1983	
2.88097	18.06	0.531339	0.371255	-0.516822	-36.0965	
2.96416	18.0899	0.263261	0.33165	-0.374953	-6.59978	
3	18.0981	0.171152	0.319754	-0.317675	-36.5791	
3	18.0981	0.171152	0.319754	-0.317675	-36.5791	
3.03584	18.101	-0.00250567	0.307741	-0.341791	-24.5632	
3.11903	18.0892	-0.266142	0.281341	-0.284894	-17.6232	
3.24661	18.0317	-0.638946	0.249415	-0.229551	-18.5135	
3.41448	17.8843	-1.10088	0.212883	-0.202626	-15.3235	
3.61724	17.6148	-1.54361	0.176958	-0.154944	-12.8344	
3.84838	17.2056	-1.98793	0.143321	-0.140754	-11.2965	
4.10046	16.6538	-2.36846	0.110337	-0.1165	-8.35958	
4.36538	15.9847	-2.6745	0.0828899	-0.0965321	-7.12323	
4.63462	15.229	-2.92433	0.0572623	-0.0910666	-5.19796	
4.89954	14.432	-3.08092	0.0360674	-0.0694658	-3.6478	
5.15162	13.6406	-3.19357	0.0191239	-0.0675821	-2.9456	
5.38276	12.8949	-3.2487	0.00438156	-0.0561414	-1.34168	
5.58552	12.2343	-3.26617	-0.00572946	-0.0474995	-1.2172	
5.75339	11.6851	-3.27339	-0.0139579	-0.0483729	-0.295956	
5.88097	11.2684	-3.25687	-0.0194544	-0.0377397	0.181048	
5.96416	10.9978	-3.25065	-0.0226121	-0.0400386	-0.348823	
6	10.8813	-3.24605	-0.0240623	-0.0396677	1.00884	
6	10.8813	-3.24605	-0.0240623	-0.0396677	1.00884	
6.03584	10.7652	-3.2378	-0.0254153	-0.0363787	0.587325	
6.11903	10.4965	-3.22229	-0.0283522	-0.0347396	0.549905	
6.24661	10.0871	-3.19296	-0.03263	-0.0318463	0.986319	
6.41448	9.55511	-3.14403	-0.0375603	-0.0272397	1.30742	
6.61724	8.92446	-3.07456	-0.0427096	-0.0235545	1.691	
6.84838	8.22444	-2.98027	-0.0475707	-0.0184466	2.09946	
7.10046	7.48756	-2.86429	-0.0516381	-0.014146	2.39891	
7.36538	6.7462	-2.73048	-0.0548649	-0.0100729	2.70601	
7.63462	6.03054	-2.58432	-0.0569991	-0.00601447	2.90414	
7.89954	5.36557	-2.43501	-0.058217	-0.00322244	3.04881	
8.15162	4.77015	-2.28857	-0.0586553	-0.000237041	3.15629	
8.38276	4.25683	-2.15325	-0.0584634	0.00169631	3.17558	
8.58552	3.83226	-2.03451	-0.0579749	0.00323895	3.21386	
8.75339	3.49898	-1.93633	-0.0573045	0.00463777	3.19401	
8.88097	3.25664	-1.86271	-0.0566765	0.00519578	3.17838	
8.96416	3.10368	-1.81475	-0.0562198	0.00584161	3.19146	
9	3.03901	-1.79422	-0.0560058	0.00605548	3.14079	
9	3.03901	-1.79422	-0.0560058	0.00605548	3.14079	
9.03584	2.97507	-1.77386	-0.0557871	0.00616463	3.15293	
9.11903	2.82947	-1.72665	-0.0552561	0.00661589	3.1447	
9.24661	2.61376	-1.65499	-0.0543706	0.00723559	3.10781	
9.41448	2.34374	-1.56234	-0.0530986	0.00791189	3.05878	
9.61724	2.03809	-1.45303	-0.0514165	0.00865647	2.98711	
9.84838	1.71627	-1.33247	-0.0493377	0.00929737	2.89079	
10.1005	1.3964	-1.2063	-0.0469235	0.00983562	2.7755	
10.3654	1.09369	-1.08016	-0.0442622	0.0102187	2.64105	
10.6346	0.819317	-0.959131	-0.04148	0.0104271	2.49735	
10.8995	0.5802	-0.847288	-0.0387026	0.0105193	2.35005	
11.1516	0.379308	-0.747709	-0.0360546	0.0104688	2.2058	
11.3828	0.216468	-0.662269	-0.0336479	0.0103491	2.0739	
11.5855	0.0893908	-0.591916	-0.0315645	0.0101894	1.95709	
11.7534	-0.0053169	-0.536903	-0.0298684	0.010014	1.86179	
11.881	-0.0712545	-0.497013	-0.0285998	0.00986922	1.78946	
11.9642	-0.111549	-0.471905	-0.0277835	0.00975392	1.74191	
12	-0.128273	-0.4613	-0.0274348	0.00970413	1.72335	
12	-0.128273	-0.4613	-0.0274348	0.00970413	1.72335	
12.0358	-0.144618	-0.450818	-0.0270878	0.00965814	1.70331	
12.119	-0.181123	-0.426983	-0.0262891	0.00954481	1.65727	
12.2466	-0.233334	-0.391745	-0.025083	0.00935998	1.58772	
12.4145	-0.295368	-0.347766	-0.0235331	0.00910272	1.49785	
12.6172	-0.36079	-0.298174	-0.0217205	0.00877271	1.39195	
12.8484	-0.42361	-0.2462	-0.0197384	0.00837513	1.27519	
13.1005	-0.479082	-0.194822	-0.0176841	0.00792063	1.15307	
13.3654	-0.524169	-0.146498	-0.0156508	0.00742818	1.03124	
13.6346	-0.557633	-0.102989	-0.0137187	0.00692402	0.914558	
13.8995	-0.579822	-0.0653476	-0.0119502	0.00642712	0.806734	
14.1516	-0.592252	-0.0339716	-0.0103894	0.00595749	0.710881	
14.3828	-0.597126	-0.00874307	-0.00906125	0.0055364	0.628766	
14.5855	-0.596879	0.0107849	-0.00797545	0.00517502	0.561152	
14.7534	-0.593835	0.0252266	-0.00713127	0.00488405	0.508431	
14.881	-0.589971	0.0352142	-0.00652189	0.00466948	0.470188	
14.9642	-0.586786	0.0412853	-0.00613919	0.00453206	0.446129	
15	-0.585262	0.0437976	-0.0059778	0.00447414	0.436131	
15	-0.585262	0.0437976	-0.0059778	0.00447414	0.436131	
15.0358	-0.583648	0.046248	-0.00581847	0.00441633	0.425812	
15.119	-0.579572	0.0516981	-0.00545676	0.00428023	0.402682	
15.2466	-0.572474	0.0594384	-0.0049239	0.00407361	0.368722	
15.4145	-0.561716	0.0685363	-0.00426241	0.0038086	0.326356	
15.6172	-0.546834	0.077981	-0.00352169	0.00349996	0.278643	
15.8484	-0.527748	0.0868459	-0.00275181	0.00316453	0.228644	
16.1005	-0.504859	0.0944135	-0.00199826	0.00281753	0.17921	
16.3654	-0.479028	0.100251	-0.00129768	0.00247551	0.132796	
16.6346	-0.45146	0.104218	-0.000675157	0.00215267	0.09104	
16.8995	-0.423524	0.106425	-0.00014443	0.00185766	0.0549083	
17.1516	-0.396577	0.107164	0.00029061	0.0015973	0.0248355	
17.3828	-0.371829	0.106828	0.000633937	0.00137631	0.000718156	
17.5855	-0.350259	0.105837	0.000894492	0.00119564	-0.0179497	
17.7534	-0.332592	0.104583	0.00108321	0.00105376	-0.0317728	
17.881	-0.319323	0.103395	0.00121102	0.000950639	-0.0412616	
17.9642	-0.310758	0.102521	0.00128739	0.000885795	-0.0470527	
18	-0.30709	0.102122	0.00131864	0.000857982	-0.0495359	
18	-0.30709	0.102122	0.00131864	0.000857982	-0.0495359	
18.0358	-0.303437	0.101709	0.0013489	0.000830759	-0.051671	
18.119	-0.295018	0.100705	0.0014155	0.000771065	-0.0566571	
18.2466	-0.282274	0.0990436	0.00150828	0.000684019	-0.0638503	
18.4145	-0.265845	0.0966561	0.00161399	0.000576915	-0.0722121	
18.6172	-0.246561	0.0935106	0.00171879	0.000458637	-0.0808419	
18.8484	-0.22539	0.0896382	0.00181044	0.000336626	-0.0888697	
19.1005	-0.203355	0.0851475	0.0018801	0.000218675	-0.0956029	
19.3654	-0.181447	0.0802151	0.00192335	0.000110361	-0.100688	
19.6346	-0.160541	0.075064	0.00193995	1.53965e-05	-0.103989	
19.8995	-0.141334	0.0699348	0.00193322	-6.39383e-05	-0.105644	
20.1516	-0.12432	0.0650562	0.00190885	-0.000127534	-0.105949	
20.3828	-0.109797	0.0606258	0.0018736	-0.000175981	-0.105279	
20.5855	-0.0978932	0.0567984	0.00183425	-0.00021102	-0.104051	
20.7534	-0.0886205	0.0536853	0.00179677	-0.000234517	-0.102613	
20.881	-0.0819199	0.0513593	0.00176591	-0.000248801	-0.101313	
20.9642	-0.0777099	0.0498631	0.00174488	-0.000256562	-0.100376	
21	-0.0759342	0.0492237	0.00173564	-0.00025941	-0.0999233	
21	-0.0759342	0.0492237	0.00173564	-0.00025941	-0.0999233	
21.0358	-0.0741814	0.0485871	0.00172629	-0.000262466	-0.0996641	
21.119	-0.0702008	0.0471198	0.00170411	-0.000270848	-0.0987982	
21.2466	-0.064331	0.0449026	0.00166877	-0.000282723	-0.0972094	
21.4145	-0.0570335	0.0420509	0.00162018	-0.000295909	-0.0949944	
21.6172	-0.0488478	0.0387106	0.00155875	-0.000309511	-0.0920916	
21.8484	-0.0403265	0.0350512	0.00148582	-0.000320774	-0.0884806	
22.1005	-0.0319742	0.0312496	0.0014039	-0.000328582	-0.0843314	
22.3654	-0.0242007	0.0274737	0.00131615	-0.000333271	-0.0797784	
22.6346	-0.0172937	0.0238725	0.0012262	-0.000334218	-0.0749917	
22.8995	-0.0114127	0.0205644	0.0011379	-0.000331965	-0.0702158	
23.1516	-0.0066028	0.0176329	0.00105472	-0.000327737	-0.0656622	
23.3828	-0.00282003	0.0151282	0.000979516	-0.000322969	-0.0615278	
23.5855	3.67849e-05	0.0130728	0.000914457	-0.000318757	-0.0579349	
23.7534	0.00209555	0.0114698	0.000861231	-0.000315496	-0.0550089	
23.881	0.00348437	0.0103096	0.000821082	-0.000314135	-0.0528606	
23.9642	0.00431147	0.00957982	0.000794964	-0.000313773	-0.0513969	
24	0.0046493	0.00927237	0.000783726	-0.000313222	-0.050675	
24	0.0046493	0.00927237	0.000783726	-0.000313222	-0.050675	
24.0358	0.0049762	0.00896954	0.000772519	-0.000312059	-0.0499435	
24.119	0.00569365	0.00828395	0.000746727	-0.000307817	-0.048348	
24.2466	0.00668566	0.00727506	0.000707899	-0.000301122	-0.046161	
24.4145	0.00780054	0.00602143	0.000657914	-0.000294595	-0.0433232	
24.6172	0.00887731	0.00462015	0.000599015	-0.000286123	-0.0398581	
24.8484	0.00977455	0.00316892	0.000534018	-0.00027661	-0.036103	
25.1005	0.0103916	0.0017564	0.000465442	-0.000267369	-0.03207	
25.3654	0.010681	0.00045952	0.000396036	-0.00025657	-0.0279459	
25.6346	0.0106484	-0.000670858	0.000328326	-0.000246522	-0.0239234	
25.8995	0.0103432	-0.00160371	0.000264423	-0.000235592	-0.0200234	
26.1516	0.00984381	-0.00233429	0.000206309	-0.000226136	-0.0165833	
26.3828	0.00923915	-0.00287732	0.000154783	-0.000219441	-0.0134198	
26.5855	0.00861625	-0.00325091	0.000111203	-0.000209762	-0.0105851	
26.7534	0.00804953	-0.00349084	7.67407e-05	-0.000200913	-0.00840818	
26.881	0.0075948	-0.00363107	5.16144e-05	-0.000192181	-0.0065608	
26.9642	0.00728968	-0.00370312	3.59268e-05	-0.000185593	-0.00581105	
27	0.00715642	-0.00373326	2.92788e-05	-0.000186105	-0.00617232	
27	0.00715642	-0.00373326	2.92788e-05	-0.000186105	-0.00617232	
27.0358	0.00702214	-0.00375745	2.26365e-05	-0.000182975	-0.00409786	
27.119	0.00670785	-0.00379922	7.97794e-06	-0.000172111	-0.00402682	
27.2466	0.00621887	-0.0038626	-1.43283e-05	-0.0001784	-0.00308962	
27.4145	0.00556753	-0.00388466	-4.37245e-05	-0.000167936	-0.000356307	
27.6172	0.00478296	-0.00384715	-7.65404e-05	-0.000160295	0.00104789	
27.8484	0.00390539	-0.00372713	-0.000113484	-0.000154575	0.00406898	
28.1005	0.00299572	-0.00347456	-0.0001491	-0.000129983	0.00645287	
28.3654	0.00211938	-0.00312419	-0.000182346	-0.000119298	0.00896096	
28.6346	0.00134235	-0.00262058	-0.00020808	-6.31841e-05	0.0126478	
28.8995	0.00072581	-0.00202678	-0.000216086	-9.79035e-07	0.0139236	
29.1516	0.000292837	-0.00138715	-0.000207049	8.76839e-05	0.0170357	
29.3828	5.00457e-05	-0.000712012	-0.000170347	0.000230123	0.01739	
29.5855	-3.93679e-05	-0.000187529	-0.000114243	0.000316415	0.0144222	
29.7534	-3.97007e-05	0.000164003	-5.61251e-05	0.000368064	0.00972812	
29.881	-1.19106e-05	0.000211678	-1.34532e-05	0.000255757	-0.00721404	
29.9642	-5.96992e-07	4.56846e-05	-6.19833e-07	4.79405e-05	-0.0127831	
30	3.56666e-17	-4.56027e-16	-2.67073e-17	1.40445e-17	4.56135e-09	
