0	1.73961e-16	1.33333	-9.72733e-17	2.09433	-91.5125
0.0358417	0.0322838	0.359572	0.0563357	0.962572	-205.741
0.119026	-0.0485183	-2.11071	0.0272381	-1.3831	-133.939
0.24661	-0.457879	-4.19823	-0.253868	-2.88092	-98.748
0.414481	-1.39433	-6.78734	-0.862204	-4.13514	-60.7929
0.617243	-2.75264	-5.61095	-1.6921	-4.01462	112.364
0.848377	-3.54838	-1.79143	-2.69866	-4.57274	36.1987
1.10046	-4.20808	-4.93411	-3.41588	0.117656	-174.561
1.36538	-6.65288	-13.4951	-2.50484	5.42068	-175.66
1.63462	-10.8919	-16.2894	-1.35617	2.37788	50.8866
1.89954	-14.6118	-11.2182	-1.03247	0.785363	132.097
2.15162	-16.8802	-7.32067	-0.826509	0.684119	60.0747
2.38276	-18.302	-4.84027	-0.709501	0.518617	78.2476
2.58552	-19.0305	-2.53897	-0.563939	0.801087	45.5393
2.75339	-19.3796	-1.68802	-0.459962	0.442613	31.8725
2.88097	-19.5425	-0.829042	-0.399601	0.544568	39.1554
2.96416	-19.5964	-0.551122	-0.358172	0.383093	5.60813
3	-19.615	-0.455554	-0.346177	0.319148	40.2487
3	-19.615	-0.455554	-0.346177	0.319148	40.2487
3.03584	-19.6277	-0.265636	-0.334001	0.347953	26.5835
3.11903	-19.6373	0.0180593	-0.307225	0.286705	18.9125
3.24661	-19.6094	0.424355	-0.275302	0.229698	20.3332
3.41448	-19.4938	0.936977	-0.238361	0.206748	17.0514
3.61724	-19.2519	1.43512	-0.201539	0.159736	14.5015
3.84838	-18.8602	1.94393	-0.166357	0.149625	12.9749
4.10046	-18.3114	2.38723	-0.130908	0.126171	9.75691
4.36538	-17.6296	2.75095	-0.100993	0.106199	8.45756
4.63462	-16.8459	3.05441	-0.0725023	0.102069	6.31262
4.89954	-16.0088	3.25229	-0.0486707	0.0783713	4.57277
5.15162	-15.1696	3.40058	-0.0294179	0.0774164	3.80409
5.38276	-14.3729	3.48124	-0.0124625	0.0646808	1.94123
5.58552	-13.6634	3.5164	-0.000801008	0.0549926	1.82759
5.75339	-13.0709	3.53762	0.00877718	0.0565335	0.751501
5.88097	-12.6201	3.52773	0.015202	0.0441021	0.191653
5.96416	-12.3267	3.52687	0.0188996	0.0470302	0.837745
6	-12.2004	3.52423	0.0206049	0.0466637	-0.787815
6	-12.2004	3.52423	0.0206049	0.0466637	-0.787815
6.03584	-12.0742	3.51723	0.0221962	0.0427956	-0.277288
6.11903	-11.7821	3.50541	0.0256565	0.0410027	-0.226157
6.24661	-11.3363	3.48075	0.0307171	0.0377563	-0.740621
6.41448	-10.7556	3.43612	0.0365807	0.0325148	-1.11562
6.61724	-10.0654	3.36992	0.0427551	0.0283765	-1.56996
6.84838	-9.29693	3.2764	0.0486448	0.0225128	-2.05524
7.10046	-8.48558	3.15858	0.053658	0.0176424	-2.41429
7.36538	-7.66682	3.02012	0.0577385	0.012976	-2.78951
7.63462	-6.87411	2.86667	0.0605627	0.0082846	-3.03589
7.89954	-6.13548	2.70844	0.0623297	0.0050987	-3.22208
8.15162	-5.47237	2.55191	0.0631804	0.0016236	-3.36604
8.38276	-4.89934	2.40643	0.0632691	-0.000619084	-3.40452
8.58552	-4.42439	2.27817	0.0629741	-0.00243474	-3.4654
8.75339	-4.0509	2.17171	0.0624165	-0.00406918	-3.45192
8.88097	-3.77894	2.09176	0.061857	-0.00469214	-3.44381
8.96416	-3.60711	2.03951	0.0614375	-0.005467	-3.46781
9	-3.53441	2.01714	0.061236	-0.00572135	-3.40749
9	-3.53441	2.01714	0.061236	-0.00572135	-3.40749
9.03584	-3.46251	1.99495	0.0610291	-0.00584589	-3.42627
9.11903	-3.2987	1.94341	0.0605211	-0.0063872	-3.42384
9.24661	-3.05577	1.86507	0.0596562	-0.00713498	-3.39022
9.41448	-2.75122	1.76354	0.0583886	-0.0079606	-3.34566
9.61724	-2.40587	1.64347	0.0566791	-0.00887119	-3.27615
9.84838	-2.04144	1.5107	0.0545334	-0.00965753	-3.17985
10.1005	-1.67831	1.37134	0.0520096	-0.0103426	-3.06275
10.3654	-1.33368	1.23161	0.0491964	-0.0108516	-2.9229
10.6346	-1.02035	1.09717	0.0462305	-0.0111568	-2.77193
10.8995	-0.746356	0.972599	0.0432488	-0.0113267	-2.61543
11.1516	-0.515351	0.861405	0.0403909	-0.0113246	-2.4612
11.3828	-0.327419	0.76576	0.0377815	-0.0112471	-2.31969
11.5855	-0.180233	0.686836	0.0355132	-0.0111111	-2.19313
11.7534	-0.0701667	0.625007	0.0336614	-0.0109492	-2.09036
11.881	0.00668962	0.580093	0.0322722	-0.010826	-2.01232
11.9642	0.0537619	0.551791	0.0313758	-0.0107224	-1.96044
12	0.0733242	0.539828	0.0309923	-0.010678	-1.94064
12	0.0733242	0.539828	0.0309923	-0.010678	-1.94064
12.0358	0.0924602	0.528003	0.0306103	-0.0106351	-1.91754
12.119	0.135258	0.50111	0.0297305	-0.010516	-1.8666
12.2466	0.196634	0.461313	0.0284011	-0.0103237	-1.79062
12.4145	0.269859	0.411572	0.0266901	-0.0100569	-1.69175
12.6172	0.347543	0.355388	0.0246858	-0.00970914	-1.5752
12.8484	0.422764	0.29637	0.0224896	-0.00929131	-1.44649
13.1005	0.489974	0.23788	0.0202076	-0.00880982	-1.31142
13.3654	0.545546	0.182702	0.0179429	-0.00828531	-1.17634
13.6346	0.587892	0.132865	0.015785	-0.00774223	-1.04641
13.8995	0.617237	0.0895994	0.0138055	-0.00720218	-0.926215
14.1516	0.635162	0.0533952	0.0120543	-0.0066926	-0.819096
14.3828	0.644056	0.0241726	0.010561	-0.00623015	-0.72695
14.5855	0.64661	0.00146418	0.00933834	-0.00583126	-0.651098
14.7534	0.645417	-0.0153927	0.00838665	-0.00550784	-0.591625
14.881	0.642698	-0.0270855	0.00769949	-0.00526465	-0.548454
14.9642	0.640145	-0.0342122	0.00726804	-0.00510921	-0.521457
15	0.638866	-0.037166	0.0070861	-0.0050436	-0.510071
15	0.638866	-0.037166	0.0070861	-0.0050436	-0.510071
15.0358	0.637482	-0.0400508	0.00690649	-0.00497887	-0.498852
15.119	0.63388	-0.0464838	0.00649849	-0.00483091	-0.473125
15.2466	0.627356	-0.0556549	0.00589649	-0.00460652	-0.434889
15.4145	0.617084	-0.0664944	0.00514765	-0.00431622	-0.387123
15.6172	0.60242	-0.0778397	0.00430717	-0.0039761	-0.333195
15.8484	0.583141	-0.0886157	0.00343149	-0.00360403	-0.276574
16.1005	0.559573	-0.097982	0.00257198	-0.00321918	-0.220522
16.3654	0.532579	-0.105415	0.00177002	-0.00283939	-0.167679
16.6346	0.503434	-0.110721	0.00105459	-0.00247924	-0.119991
16.8995	0.473629	-0.113996	0.000441867	-0.00215078	-0.0786358
17.1516	0.444667	-0.115545	-6.33775e-05	-0.00186156	-0.0440465
17.3828	0.417912	-0.115792	-0.000464906	-0.00161603	-0.0161693
17.5855	0.394482	-0.115199	-0.000772078	-0.0014162	0.00547583
17.7534	0.375221	-0.114201	-0.000996672	-0.00126115	0.0215359
17.881	0.360715	-0.113168	-0.00115041	-0.00114989	0.0326386
17.9642	0.351333	-0.112377	-0.00124315	-0.00108006	0.0394989
18	0.347312	-0.112008	-0.00128133	-0.00104998	0.0424533
18	0.347312	-0.112008	-0.00128133	-0.00104998	0.0424533
18.0358	0.343304	-0.111623	-0.00131842	-0.00101981	0.0452302
18.119	0.334058	-0.110671	-0.00140038	-0.0009513	0.0513598
18.2466	0.320039	-0.109062	-0.00151531	-0.000851273	0.0600251
18.4145	0.301925	-0.106699	-0.00164778	-0.000728661	0.0702317
18.6172	0.280608	-0.103518	-0.00178152	-0.000592597	0.0808785
18.8484	0.257135	-0.0995308	-0.00190198	-0.000452173	0.0909371
19.1005	0.232631	-0.0948344	-0.00199837	-0.000315379	0.0996239
19.3654	0.208194	-0.089609	-0.00206476	-0.000188609	0.106438
19.6346	0.184806	-0.0840934	-0.00210009	-7.6543e-05	0.111205
19.8995	0.163261	-0.0785521	-0.00210745	1.8575e-05	0.114036
20.1516	0.144128	-0.0732431	-0.00209274	9.60794e-05	0.115223
20.3828	0.127761	-0.0683928	-0.00206333	0.000156843	0.115198
20.5855	0.114321	-0.064182	-0.00202676	0.000202853	0.114409
20.7534	0.103836	-0.0607435	-0.00198986	0.000236045	0.113275
20.881	0.0962508	-0.0581661	-0.00195827	0.00025876	0.112173
20.9642	0.0914815	-0.0565047	-0.00193617	0.000272357	0.111295
21	0.089469	-0.0557942	-0.00192632	0.000277598	0.110833
21	0.089469	-0.0557942	-0.00192632	0.000277598	0.110833
21.0358	0.087482	-0.0550873	-0.00191628	0.000282267	0.110368
21.119	0.0829674	-0.0534597	-0.00189239	0.000292063	0.109349
21.2466	0.0763042	-0.050999	-0.00185422	0.000306092	0.107724
21.4145	0.06801	-0.0478307	-0.00180141	0.000322699	0.105357
21.6172	0.0586905	-0.044117	-0.00173422	0.000339438	0.102214
21.8484	0.0489675	-0.0400448	-0.00165397	0.000354216	0.0983044
22.1005	0.0394113	-0.0358113	-0.00156319	0.000365139	0.0937225
22.3654	0.0304868	-0.0316059	-0.00146551	0.000371461	0.0886521
22.6346	0.022523	-0.0275951	-0.00136517	0.000373086	0.0833121
22.8995	0.0157062	-0.0239116	-0.00126658	0.000370615	0.0779631
23.1516	0.0100947	-0.0206492	-0.00117379	0.000365075	0.0728392
23.3828	0.00564762	-0.0178643	-0.00109025	0.000357487	0.0681602
23.5855	0.00225937	-0.0155815	-0.00101858	0.000349217	0.0640989
23.7534	-0.00020564	-0.0138031	-0.000960619	0.000341066	0.0607653
23.881	-0.00188411	-0.0125181	-0.000917544	0.000334107	0.0582773
23.9642	-0.00289167	-0.0117107	-0.000889951	0.000329235	0.0566483
24	-0.00330529	-0.0113704	-0.000878192	0.000326832	0.0559073
24	-0.00330529	-0.0113704	-0.000878192	0.000326832	0.0559073
24.0358	-0.00370679	-0.011034	-0.000866517	0.000324844	0.055405
24.119	-0.00459264	-0.0102684	-0.000839636	0.000321417	0.0538728
24.2466	-0.00583012	-0.00913913	-0.000799021	0.000315184	0.0515138
24.4145	-0.00724497	-0.00773197	-0.000746742	0.000307898	0.0485585
24.6172	-0.00865016	-0.00614994	-0.000685186	0.000299051	0.0449685
24.8484	-0.00987784	-0.00449952	-0.000617273	0.000288889	0.041061
25.1005	-0.0108038	-0.0028774	-0.000545679	0.000279063	0.0368813
25.3654	-0.0113618	-0.00136858	-0.000473263	0.000267604	0.0326083
25.6346	-0.0115458	-2.99572e-05	-0.000402587	0.000257813	0.0284901
25.8995	-0.0113998	0.00110197	-0.000335491	0.000248497	0.0244779
26.1516	-0.0110037	0.0020149	-0.000273928	0.000240579	0.0208888
26.3828	-0.0104542	0.00271877	-0.000218866	0.000235831	0.0176156
26.5855	-0.00984942	0.00323056	-0.000171594	0.000230479	0.0147821
26.7534	-0.00927649	0.00358525	-0.000133074	0.000229183	0.0126428
26.881	-0.00880418	0.0038119	-0.000103876	0.000227816	0.0107197
26.9642	-0.0084817	0.0039398	-8.49982e-05	0.00022708	0.0100824
27	-0.00833951	0.00399521	-7.67952e-05	0.000231683	0.0107238
27	-0.00833951	0.00399521	-7.67952e-05	0.000231683	0.0107238
27.0358	-0.00819541	0.00404338	-6.84558e-05	0.000231518	0.00800933
27.119	-0.00785525	0.00413465	-4.96532e-05	0.000223167	0.00768184
27.2466	-0.0073189	0.00426786	-2.05718e-05	0.00023287	0.00622847
27.4145	-0.00659324	0.00436152	1.77781e-05	0.000219504	0.00278766
27.6172	-0.00570447	0.00439683	6.11383e-05	0.000214679	0.00112375
27.8484	-0.00469222	0.00433571	0.000111258	0.000211747	-0.00298578
28.1005	-0.00362626	0.00409958	0.000160185	0.000178504	-0.00631815
28.3654	-0.00258532	0.00373704	0.000205988	0.000166413	-0.00951048
28.6346	-0.00164961	0.00317733	0.000243448	0.000100455	-0.0144236
28.8995	-0.000897982	0.0024844	0.000259037	2.08538e-05	-0.0165129
29.1516	-0.000365138	0.00171438	0.000252139	-9.4225e-05	-0.0207218
29.3828	-6.39829e-05	0.000888041	0.000209492	-0.000274908	-0.0213777
29.5855	4.8301e-05	0.000239872	0.000141663	-0.000386114	-0.01796
29.7534	4.95468e-05	-0.000201845	7.01154e-05	-0.000456877	-0.0123598
29.881	1.49484e-05	-0.000265164	1.68862e-05	-0.000320489	0.00893293
29.9642	7.51055e-07	-5.74559e-05	7.79794e-07	-6.02938e-05	0.0160644
30	6.89588e-18	-8.34204e-17	-4.66117e-18	1.59117e-18	-5.74315e-09
