0	0.233333	4.0	-2.09433	3.1415	-33.6046
0.0358417	0.38903	4.97744	-1.99726	2.1644	274.46
0.119026	0.937038	7.67815	-1.91858	0.0375778	76.9529
0.24661	1.95335	8.32326	-1.98071	-0.993436	80.8337
0.414481	3.66635	12.3338	-2.38083	-3.80511	130.533
0.617243	6.23203	11.0791	-3.05031	-1.12104	-194.799
0.848377	7.70998	1.45304	-2.41957	5.47167	-246.513
1.10046	7.1517	-4.26172	-1.2493	2.68496	-14.3445
1.36538	6.38952	-0.299412	-0.878105	1.19057	147.281
1.63462	7.01352	4.01397	-0.432813	1.66156	32.9186
1.89954	8.14562	4.47016	-0.154344	0.640423	19.5227
2.15162	9.39903	5.37677	0.0404246	0.854752	5.74423
2.38276	10.5903	4.77447	0.163129	0.176434	-17.536
2.58552	11.5285	4.56759	0.196136	0.236959	-4.92507
2.75339	12.2582	4.025	0.220416	-0.0180668	-22.9727
2.88097	12.7553	3.88048	0.220071	0.11606	4.589
2.96416	13.0747	3.70729	0.232547	0.0954791	-31.0935
3	13.2047	3.58502	0.234533	0.052177	8.34286
3	13.2047	3.58502	0.234533	0.052177	8.34286
3.03584	13.3334	3.58141	0.237933	0.122236	-6.69767
3.11903	13.6243	3.39143	0.248172	0.106011	-16.3701
3.24661	14.0348	3.05011	0.258187	0.0614762	-15.146
3.41448	14.5099	2.59839	0.266366	0.0298015	-17.464
3.61724	14.9744	1.98041	0.2651	-0.0394193	-18.2679
3.84838	15.3542	1.31679	0.2521	-0.0652938	-16.7914
4.10046	15.5985	0.622158	0.232732	-0.0924216	-16.6442
4.36538	15.6721	-0.0465286	0.205372	-0.105373	-14.1364
4.63462	15.5806	-0.623285	0.178819	-0.0956812	-12.8598
4.89954	15.3449	-1.14502	0.15166	-0.1082	-11.3259
5.15162	15.004	-1.54307	0.126058	-0.0912214	-9.06312
5.38276	14.6099	-1.86533	0.105461	-0.0932372	-8.75983
5.58552	14.2058	-2.10727	0.0860896	-0.0910787	-6.49234
5.75339	13.8391	-2.26026	0.072382	-0.0760797	-6.21817
5.88097	13.543	-2.38036	0.0621711	-0.0838776	-5.63266
5.96416	13.3425	-2.43511	0.0555375	-0.0723823	-3.86055
6	13.2548	-2.45876	0.0530244	-0.0700366	-5.94
6	13.2548	-2.45876	0.0530244	-0.0700366	-5.94
6.03584	13.1662	-2.48685	0.0504452	-0.0729022	-4.83364
6.11903	12.9571	-2.53793	0.0445085	-0.0689776	-3.99844
6.24661	12.6289	-2.60664	0.036073	-0.0642009	-3.66799
6.41448	12.1846	-2.68186	0.0256012	-0.0600599	-2.8892
6.61724	11.634	-2.74512	0.0141862	-0.0527232	-2.11352
6.84838	10.9938	-2.79005	0.0026697	-0.0472302	-1.37939
7.10046	10.2878	-2.806	-0.00840015	-0.04026	-0.552722
7.36538	9.54574	-2.79135	-0.0181316	-0.0337284	0.084264
7.63462	8.79916	-2.74983	-0.0265249	-0.028425	0.711181
7.89954	8.07889	-2.6843	-0.0332382	-0.0224123	1.21187
8.15162	7.41183	-2.60581	-0.0383693	-0.0185173	1.57501
8.38276	6.81912	-2.52081	-0.0422045	-0.0144618	1.92028
8.58552	6.31628	-2.43826	-0.0447928	-0.0113888	2.09329
8.75339	5.91297	-2.36599	-0.0465578	-0.00950092	2.27411
8.88097	5.61479	-2.30793	-0.0476361	-0.00743027	2.37544
8.96416	5.4244	-2.26976	-0.0482209	-0.00675005	2.38534
9	5.34334	-2.25303	-0.0484574	-0.00636549	2.49078
9	5.34334	-2.25303	-0.0484574	-0.00636549	2.49078
9.03584	5.2629	-2.23599	-0.0486747	-0.0058009	2.47899
9.11903	5.07854	-2.19642	-0.0491185	-0.00490663	2.5105
9.24661	4.80223	-2.13477	-0.0496606	-0.00357516	2.58232
9.41448	4.45078	-2.05218	-0.0501162	-0.00189887	2.64546
9.61724	4.04491	-1.9511	-0.050323	-0.000171123	2.70178
9.84838	3.60736	-1.83486	-0.0501491	0.00164255	2.73979
10.1005	3.16081	-1.70821	-0.0495195	0.00329157	2.7463
10.3654	2.72577	-1.57646	-0.0484496	0.00475571	2.72821
10.6346	2.31906	-1.44515	-0.0469943	0.00600041	2.68015
10.8995	1.95293	-1.31961	-0.0452762	0.00693615	2.61224
11.1516	1.63493	-1.20413	-0.0434305	0.00768259	2.53242
11.3828	1.36846	-1.10223	-0.0415934	0.00817999	2.4449
11.5855	1.15374	-1.01624	-0.0399001	0.00851826	2.36421
11.7534	0.988945	-0.947553	-0.0384494	0.00874841	2.29054
11.881	0.871294	-0.896974	-0.0373261	0.00885707	2.23331
11.9642	0.798025	-0.864729	-0.0365861	0.00893639	2.19691
12	0.767278	-0.851025	-0.0362653	0.00896133	2.17672
12	0.767278	-0.851025	-0.0362653	0.00896133	2.17672
12.0358	0.737019	-0.837445	-0.0359439	0.00897431	2.16088
12.119	0.668654	-0.806356	-0.0351959	0.00900717	2.12197
12.2466	0.568757	-0.759872	-0.0340446	0.00903588	2.0607
12.4145	0.446179	-0.700935	-0.0325271	0.00903802	1.97941
12.6172	0.310992	-0.633137	-0.0306981	0.00899373	1.87991
12.8484	0.173153	-0.560383	-0.0286313	0.00887994	1.76584
13.1005	0.0413236	-0.486502	-0.0264151	0.00869331	1.64191
13.3654	-0.0779424	-0.414914	-0.024145	0.00843455	1.51313
13.6346	-0.180559	-0.348365	-0.0219156	0.00811878	1.38522
13.8995	-0.264831	-0.288798	-0.0198103	0.00776816	1.263
14.1516	-0.331043	-0.237362	-0.0178976	0.00740329	1.15084
14.3828	-0.380875	-0.194502	-0.0162268	0.00705153	1.05204
14.5855	-0.416779	-0.160149	-0.0148295	0.00672985	0.968579
14.7534	-0.441434	-0.13391	-0.0137226	0.00645611	0.902121
14.881	-0.457317	-0.115253	-0.0129124	0.00624505	0.853085
14.9642	-0.466419	-0.103669	-0.0123987	0.00610522	0.82199
15	-0.470048	-0.0988146	-0.0121809	0.00604625	0.809182
15	-0.470048	-0.0988146	-0.0121809	0.00604625	0.809182
15.0358	-0.473504	-0.09404	-0.0119652	0.00598931	0.796333
15.119	-0.480875	-0.0832673	-0.0114724	0.00585918	0.76655
15.2466	-0.490487	-0.0675731	-0.0107377	0.0056582	0.721731
15.4145	-0.500198	-0.0484032	-0.00981025	0.00539116	0.664937
15.6172	-0.507844	-0.0273904	-0.00874979	0.00506934	0.599639
15.8484	-0.511665	-0.00613423	-0.00762014	0.00470642	0.529609
16.1005	-0.510609	0.0139952	-0.00648272	0.00431992	0.458611
16.3654	-0.50445	0.0319852	-0.00539062	0.00392716	0.389866
16.6346	-0.49372	0.0472312	-0.00438526	0.00354366	0.326035
16.8995	-0.479524	0.0595209	-0.00349448	0.00318424	0.26898
17.1516	-0.463286	0.0689577	-0.00273312	0.00285918	0.219742
17.3828	-0.446519	0.0758636	-0.00210522	0.00257673	0.178808
17.5855	-0.43063	0.0806758	-0.00160672	0.00234248	0.146045
17.7534	-0.416811	0.0838548	-0.00122909	0.002158	0.121061
17.881	-0.405983	0.0858209	-0.000962343	0.00202465	0.103376
17.9642	-0.398798	0.0869055	-0.000797433	0.00194036	0.0922265
18	-0.395675	0.0873255	-0.000728544	0.00190357	0.0873673
18	-0.395675	0.0873255	-0.000728544	0.00190357	0.0873673
18.0358	-0.392538	0.0877173	-0.000660987	0.00186613	0.0827097
18.119	-0.385207	0.0885235	-0.000509351	0.00177996	0.072384
18.2466	-0.373848	0.0894952	-0.000290428	0.00165308	0.057536
18.4145	-0.358748	0.0903198	-2.62272e-05	0.00149632	0.0394569
18.6172	-0.340386	0.0906882	0.000259039	0.00131967	0.0196895
18.8484	-0.319448	0.0903636	0.000542272	0.0011338	-0.000223312
19.1005	-0.296797	0.089224	0.000804328	0.000948168	-0.0190267
19.3654	-0.273402	0.0872771	0.00103164	0.000770986	-0.035733
19.6346	-0.250244	0.0846485	0.00121709	0.000609597	-0.0497864
19.8995	-0.22822	0.0815451	0.00135945	0.000467927	-0.0610299
20.1516	-0.208077	0.0782165	0.00146206	0.000348696	-0.0695455
20.3828	-0.190375	0.0749162	0.00153129	0.000252274	-0.0757199
20.5855	-0.175492	0.0718718	0.00157465	0.000176857	-0.0799625
20.7534	-0.163644	0.0692728	0.00159959	0.000121337	-0.082708
20.881	-0.154934	0.0672613	0.00161257	8.25777e-05	-0.0844343
20.9642	-0.149394	0.0659373	0.00161845	5.93091e-05	-0.0852146
21	-0.147041	0.0653655	0.00162042	5.08868e-05	-0.0853125
21	-0.147041	0.0653655	0.00162042	5.08868e-05	-0.0853125
21.0358	-0.144708	0.0647932	0.00162211	4.33642e-05	-0.0856591
21.119	-0.139374	0.0634601	0.00162499	2.58777e-05	-0.0863982
21.2466	-0.131408	0.0614046	0.00162657	-1.14505e-06	-0.0873749
21.4145	-0.121328	0.0586866	0.00162339	-3.66595e-05	-0.0882975
21.6172	-0.109762	0.0553991	0.00161178	-7.72622e-05	-0.0888358
21.8484	-0.0973894	0.0516687	0.00158901	-0.000118861	-0.0887703
22.1005	-0.0848727	0.04765	0.00155398	-0.000157942	-0.0879521
22.3654	-0.0727995	0.0435132	0.0015075	-0.000191804	-0.0863825
22.6346	-0.0616367	0.0394276	0.00145196	-0.000219701	-0.0841738
22.8995	-0.0517088	0.0355475	0.00139079	-0.000241178	-0.0814827
23.1516	-0.0431981	0.0320011	0.00132793	-0.000256876	-0.0785608
23.3828	-0.0361643	0.0288845	0.00126722	-0.000267851	-0.0756084
23.5855	-0.0305752	0.0262636	0.00121219	-0.000274639	-0.0728511
23.7534	-0.0263426	0.024176	0.00116571	-0.000278965	-0.0704955
23.881	-0.0233565	0.0226408	0.00112996	-0.000281247	-0.0686236
23.9642	-0.0215139	0.0216637	0.00110651	-0.000282594	-0.0675023
24	-0.0207449	0.0212477	0.00109636	-0.000283965	-0.0671619
24	-0.0207449	0.0212477	0.00109636	-0.000283965	-0.0671619
24.0358	-0.0199908	0.0208344	0.00108615	-0.000285975	-0.0666746
24.119	-0.0182971	0.0198891	0.00106218	-0.000290058	-0.0653902
24.2466	-0.0158501	0.0184783	0.00102489	-0.000294137	-0.0633988
24.4145	-0.0128991	0.0166935	0.000975192	-0.000297685	-0.0607431
24.6172	-0.00972365	0.014649	0.000914649	-0.00029894	-0.0574149
24.8484	-0.00659292	0.0124674	0.000845638	-0.000298105	-0.0536452
25.1005	-0.00373138	0.0102675	0.000770664	-0.000296494	-0.0494896
25.3654	-0.00129528	0.00815819	0.000692566	-0.000292859	-0.0450961
25.6346	0.000636201	0.00622395	0.000614251	-0.000288924	-0.040685
25.8995	0.00205553	0.00452489	0.000538292	-0.000284247	-0.0363184
26.1516	0.00301203	0.00309367	0.00046728	-0.000279321	-0.0322465
26.3828	0.00359052	0.00193678	0.000403183	-0.000275123	-0.0285042
26.5855	0.00389084	0.00104438	0.000347896	-0.000270161	-0.0252483
26.7534	0.0040101	0.000388755	0.000302812	-0.000267219	-0.02265
26.881	0.00403069	-5.80532e-05	0.000268898	-0.000263837	-0.0204756
26.9642	0.00401465	-0.000325113	0.00024709	-0.0002609	-0.0193719
27	0.00400099	-0.000437023	0.000237728	-0.000262061	-0.0193916
27	0.00400099	-0.000437023	0.000237728	-0.000262061	-0.0193916
27.0358	0.00398341	-0.000542156	0.000228354	-0.000259668	-0.0173883
27.119	0.00392884	-0.000768743	0.000207213	-0.000250836	-0.0168292
27.2466	0.00380923	-0.00110007	0.000174958	-0.000254968	-0.0151193
27.4145	0.00359341	-0.00145561	0.000132953	-0.000242491	-0.0118385
27.6172	0.00326233	-0.00179849	8.47915e-05	-0.000237368	-0.00967497
27.8484	0.00281174	-0.00207377	2.98426e-05	-0.000232609	-0.0055566
28.1005	0.00226979	-0.00220192	-2.51756e-05	-0.000205654	-0.00200304
28.3654	0.00168321	-0.00220159	-7.8309e-05	-0.000194692	0.00152134
28.6346	0.00111199	-0.00200558	-0.000124828	-0.000142036	0.006367
28.8995	0.000624762	-0.0016548	-0.000153546	-7.70688e-05	0.00907505
29.1516	0.000262283	-0.00119229	-0.000162988	1.64986e-05	0.0132689
29.3828	4.95125e-05	-0.00064014	-0.000142493	0.000161664	0.0147176
29.5855	-3.29266e-05	-0.000184038	-9.94443e-05	0.000257452	0.0129211
29.7534	-3.54003e-05	0.000139477	-5.02086e-05	0.000322264	0.00923296
29.881	-1.0812e-05	0.00019106	-1.22158e-05	0.000231082	-0.00628161
29.9642	-5.45723e-07	4.17237e-05	-5.6661e-07	4.37855e-05	-0.0116492
30	-3.82622e-17	3.82849e-16	2.14421e-17	-1.16045e-17	4.17915e-09
