0	-0.7	-1.33333	-1.04717	1.04717	-48.7805
0.0358417	-0.750652	-1.45166	-1.01806	0.605606	-4.89749
0.119026	-0.876998	-1.6595	-1.00343	-0.259276	-32.6098
0.24661	-1.13393	-2.26705	-1.11196	-1.33122	-6.43985
0.414481	-1.46716	-1.45508	-1.39332	-1.9521	45.8448
0.617243	-1.65	-0.593763	-1.85099	-2.55246	6.42396
0.848377	-1.72267	0.283693	-2.52225	-3.3038	52.4787
1.10046	-1.34953	2.39639	-3.39936	-3.10064	12.11
1.36538	-1.02249	-1.33921	-3.62442	2.1278	-176.805
1.63462	-2.54344	-9.81113	-2.3996	5.65569	-162.602
1.89954	-5.67406	-12.2972	-1.27991	2.32535	45.3024
2.15162	-8.30153	-8.02944	-0.95429	0.925258	121.491
2.38276	-9.71456	-4.66506	-0.720449	0.930023	52.9244
2.58552	-10.5002	-3.0435	-0.579195	0.594023	57.8929
2.75339	-10.8728	-1.47267	-0.456239	0.826055	40.6426
2.88097	-11.0258	-1.02257	-0.369384	0.487478	16.3044
2.96416	-11.0958	-0.589187	-0.330768	0.514695	43.6072
3	-11.1131	-0.416983	-0.311673	0.513501	1.2556
3	-11.1131	-0.416983	-0.311673	0.513501	1.2556
3.03584	-11.1274	-0.362821	-0.295328	0.414602	15.6555
3.11903	-11.1466	-0.086788	-0.263506	0.367826	21.3799
3.24661	-11.1324	0.283658	-0.219674	0.308541	14.795
3.41448	-11.0539	0.644071	-0.176224	0.220644	12.8757
3.61724	-10.8826	1.0324	-0.135422	0.18498	10.4638
3.84838	-10.6059	1.33877	-0.0991018	0.126835	6.96827
4.10046	-10.2357	1.59369	-0.0721333	0.0969915	6.18032
4.36538	-9.78395	1.79924	-0.0478963	0.0808355	3.87506
4.63462	-9.28228	1.92022	-0.0305624	0.0523004	2.90231
4.89954	-8.7595	2.02217	-0.0165693	0.0545396	2.26583
5.15162	-8.24334	2.06214	-0.00462314	0.0364719	0.776921
5.38276	-7.76482	2.08129	0.00276335	0.0333824	1.10862
5.58552	-7.34141	2.08773	0.00998383	0.0327313	-0.158219
5.75339	-6.99275	2.0667	0.0141939	0.0202509	-0.0452151
5.88097	-6.72934	2.06285	0.0172238	0.0277215	-0.0526611
5.96416	-6.55831	2.0461	0.0193259	0.0200812	-1.32035
6	-6.48512	2.03948	0.0199869	0.0185493	0.423111
6	-6.48512	2.03948	0.0199869	0.0185493	0.423111
6.03584	-6.41205	2.03704	0.0207147	0.0212864	-0.365303
6.11903	-6.24318	2.02211	0.0224296	0.0192526	-0.843571
6.24661	-5.98683	1.99652	0.0246925	0.0169402	-0.83665
6.41448	-5.65466	1.95968	0.027447	0.0154739	-1.10834
6.61724	-5.26262	1.90616	0.030198	0.0117973	-1.32893
6.84838	-4.82962	1.83966	0.0326689	0.00981866	-1.4894
7.10046	-4.37586	1.75904	0.0348056	0.00685615	-1.72025
7.36538	-3.92184	1.66798	0.0362274	0.00427015	-1.81966
7.63462	-3.48557	1.57192	0.0371737	0.00258823	-1.94403
7.89954	-3.08215	1.47334	0.0375261	0.000169657	-2.01349
8.15162	-2.7226	1.3794	0.0374242	-0.000826979	-2.02313
8.38276	-2.41378	1.29259	0.0370906	-0.00224293	-2.06913
8.58552	-2.15941	1.21687	0.0365148	-0.00319612	-2.0266
8.75339	-1.96029	1.15537	0.0359603	-0.00353328	-2.03551
8.88097	-1.81588	1.10852	0.0354567	-0.00434422	-2.02125
8.96416	-1.72491	1.07874	0.0350911	-0.00435317	-1.97061
9	-1.68648	1.06592	0.0349347	-0.00443875	-2.03193
9	-1.68648	1.06592	0.0349347	-0.00443875	-2.03193
9.03584	-1.6485	1.05299	0.0347708	-0.0046746	-1.99829
9.11903	-1.56214	1.02349	0.0343717	-0.00489196	-1.96944
9.24661	-1.43442	0.978816	0.0337283	-0.00521284	-1.94951
9.41448	-1.27496	0.921147	0.0328165	-0.00562274	-1.90732
9.61724	-1.09508	0.853529	0.0316418	-0.00595323	-1.85317
9.84838	-0.90645	0.779199	0.0302243	-0.00630258	-1.78657
10.1005	-0.719867	0.701834	0.0286025	-0.00653514	-1.70374
10.3654	-0.544228	0.624882	0.026851	-0.00668385	-1.61494
10.6346	-0.385987	0.551363	0.0250376	-0.00676299	-1.51825
10.8995	-0.248971	0.48382	0.0232502	-0.00672101	-1.42148
11.1516	-0.134651	0.423907	0.0215632	-0.00665807	-1.32951
11.3828	-0.042654	0.372745	0.0200377	-0.00652731	-1.24306
11.5855	0.0286258	0.330787	0.0187288	-0.00638666	-1.17041
11.7534	0.0813827	0.298062	0.0176663	-0.00626407	-1.10899
11.881	0.117892	0.274428	0.0168751	-0.00613796	-1.06353
11.9642	0.140099	0.259556	0.0163675	-0.00606945	-1.03551
12	0.149289	0.253285	0.0161505	-0.00603449	-1.0202
12	0.149289	0.253285	0.0161505	-0.00603449	-1.0202
12.0358	0.158256	0.247101	0.015935	-0.00599286	-1.00884
12.119	0.178223	0.233043	0.0154401	-0.00590738	-0.980626
12.2466	0.206622	0.212299	0.0146949	-0.00577161	-0.93698
12.4145	0.240071	0.186486	0.0137416	-0.00558638	-0.88129
12.6172	0.274903	0.157478	0.0126319	-0.00535803	-0.815844
12.8484	0.307747	0.12721	0.0114247	-0.00508605	-0.744078
13.1005	0.335992	0.0974314	0.0101805	-0.00478495	-0.669642
13.3654	0.358038	0.0695746	0.00895535	-0.00446342	-0.595569
13.6346	0.373341	0.0446477	0.00779778	-0.00413597	-0.525135
13.8995	0.382265	0.0232189	0.00674411	-0.00381937	-0.460457
14.1516	0.38583	0.0054791	0.00581891	-0.00352227	-0.403208
14.3828	0.385423	-0.00868621	0.0050354	-0.0032593	-0.3545
14.5855	0.382534	-0.0195749	0.0043973	-0.00303558	-0.314469
14.7534	0.378564	-0.0275732	0.0039029	-0.00285589	-0.283414
14.881	0.37469	-0.0330727	0.00354695	-0.00272457	-0.260928
14.9642	0.371799	-0.0363998	0.00332383	-0.00264015	-0.246788
15	0.37047	-0.037773	0.00322984	-0.00260496	-0.241069
15	0.37047	-0.037773	0.00322984	-0.00260496	-0.241069
15.0358	0.369092	-0.0391109	0.00313708	-0.00257056	-0.23509
15.119	0.365714	-0.0420785	0.00292659	-0.00249023	-0.221597
15.2466	0.360073	-0.0462693	0.00261669	-0.00236812	-0.201726
15.4145	0.351887	-0.0511501	0.00223242	-0.00221069	-0.17695
15.6172	0.340993	-0.0561458	0.00180298	-0.00202642	-0.149085
15.8484	0.327464	-0.0607361	0.00135799	-0.00182589	-0.119991
16.1005	0.31165	-0.0645275	0.000923977	-0.00161978	-0.091347
16.3654	0.294163	-0.0672929	0.00052196	-0.00141771	-0.0645205
16.6346	0.275795	-0.0689748	0.000166182	-0.00122764	-0.0404822
16.8995	0.257411	-0.0696607	-0.000135942	-0.00105571	-0.0197865
17.1516	0.239852	-0.0695391	-0.000382869	-0.000905552	-0.00260312
17.3828	0.223848	-0.0688531	-0.000577355	-0.000779153	0.0111416
17.5855	0.209983	-0.0678587	-0.000724871	-0.000677293	0.021735
17.7534	0.198678	-0.0667917	-0.00083192	-0.000598972	0.0295486
17.881	0.190215	-0.0658495	-0.000904752	-0.000543356	0.0349067
17.9642	0.184765	-0.0651795	-0.000948509	-0.000508833	0.0382152
18	0.182434	-0.0648776	-0.000966481	-0.000493935	0.0396645
18	0.182434	-0.0648776	-0.000966481	-0.000493935	0.0396645
18.0358	0.180115	-0.0645675	-0.000983911	-0.000478601	0.0411075
18.119	0.174774	-0.063819	-0.00102223	-0.00044282	0.0441255
18.2466	0.166709	-0.0626008	-0.00107536	-0.000390714	0.0482842
18.4145	0.156343	-0.0608825	-0.00113554	-0.000327126	0.0531619
18.6172	0.144221	-0.0586569	-0.00119461	-0.000256646	0.0581648
18.8484	0.130972	-0.0559576	-0.00124542	-0.000184268	0.0627927
19.1005	0.117254	-0.0528636	-0.00128279	-0.000113664	0.0666643
19.3654	0.103693	-0.0494953	-0.00130405	-4.82631e-05	0.0695291
19.6346	0.0908363	-0.0460004	-0.00130903	9.97104e-06	0.0713413
19.8995	0.0791087	-0.0425358	-0.0012996	6.01169e-05	0.0721537
20.1516	0.0688009	-0.0392509	-0.00127906	0.000101951	0.0721556
20.3828	0.0600736	-0.0362736	-0.00125144	0.000136557	0.0715845
20.5855	0.0529799	-0.0337048	-0.00122087	0.000164749	0.0706835
20.7534	0.0474977	-0.0316164	-0.00119129	0.000187811	0.069723
20.881	0.0435637	-0.0300557	-0.00116617	0.000205943	0.0688485
20.9642	0.0411054	-0.0290518	-0.00114854	0.000218107	0.0682248
21	0.0400718	-0.0286227	-0.00114062	0.000223632	0.0679811
21	0.0400718	-0.0286227	-0.00114062	0.000223632	0.0679811
21.0358	0.0390536	-0.0281967	-0.00113252	0.000228217	0.0673158
21.119	0.0367487	-0.0272221	-0.00111324	0.000234811	0.0662425
21.2466	0.0333695	-0.0257574	-0.00108275	0.000243177	0.0648014
21.4145	0.0292034	-0.0238873	-0.00104112	0.000252216	0.0627007
21.6172	0.0245814	-0.0217203	-0.000989175	0.000259753	0.0600452
21.8484	0.0198347	-0.019376	-0.000928381	0.000265802	0.0568629
22.1005	0.0152561	-0.0169784	-0.000860947	0.000268588	0.0532213
22.3654	0.0110719	-0.0146411	-0.000789767	0.00026833	0.0493182
22.6346	0.00742799	-0.0124591	-0.000717904	0.000264864	0.0452694
22.8995	0.00439064	-0.0105024	-0.000648552	0.00025829	0.041299
23.1516	0.00195964	-0.00881306	-0.000584471	0.000249653	0.0375479
23.3828	8.74624e-05	-0.00740981	-0.000527969	0.000238771	0.0341527
23.5855	-0.00129975	-0.00629053	-0.000480718	0.000226886	0.0312413
23.7534	-0.00228352	-0.00544171	-0.000443652	0.000214093	0.0288238
23.881	-0.00293918	-0.00484301	-0.000417089	0.000202048	0.0270567
23.9642	-0.00332656	-0.00447367	-0.000400644	0.000193037	0.0258466
24	-0.00348415	-0.00432034	-0.00039381	0.000188104	0.0251807
24	-0.00348415	-0.00432034	-0.00039381	0.000188104	0.0251807
24.0358	-0.00363629	-0.00416935	-0.000387154	0.000183686	0.0250838
24.119	-0.00396872	-0.00382517	-0.000372156	0.000177293	0.0243177
24.2466	-0.00442432	-0.00332191	-0.000350089	0.000168688	0.0229639
24.4145	-0.00492936	-0.00270275	-0.000322592	0.000159404	0.0213682
24.6172	-0.00540667	-0.00201661	-0.000291218	0.000150086	0.0194615
24.8484	-0.00578999	-0.00131368	-0.000257725	0.000140002	0.0174465
25.1005	-0.00603376	-0.000635267	-0.000223603	0.000130902	0.015391
25.3654	-0.00611803	-1.65327e-05	-0.000190175	0.000121494	0.0133413
25.6346	-0.00604808	0.000521706	-0.000158584	0.000113566	0.0114557
25.8995	-0.00584893	0.000968186	-0.000129399	0.000106682	0.00965643
26.1516	-0.00555904	0.00132075	-0.000103311	0.000100681	0.00809963
26.3828	-0.00522189	0.00158777	-8.04601e-05	9.71653e-05	0.00673082
26.5855	-0.00487998	0.00177811	-6.10919e-05	9.39573e-05	0.00556324
26.7534	-0.00457023	0.0019084	-4.53906e-05	9.37004e-05	0.00475362
26.881	-0.00432131	0.00199097	-3.33879e-05	9.41824e-05	0.00398598
26.9642	-0.00415375	0.00203711	-2.55501e-05	9.48566e-05	0.00381904
27	-0.00408037	0.00205801	-2.21048e-05	9.79907e-05	0.00427537
27	-0.00408037	0.00205801	-2.21048e-05	9.79907e-05	0.00427537
27.0358	-0.00400627	0.00207574	-1.85565e-05	9.88833e-05	0.00291937
27.119	-0.00383231	0.00210649	-1.05055e-05	9.57408e-05	0.00274382
27.2466	-0.00356056	0.0021514	2.03848e-06	0.000101015	0.00214623
27.4145	-0.00319684	0.0021747	1.87401e-05	9.57955e-05	0.000614026
27.6172	-0.00275613	0.00216897	3.7709e-05	9.42763e-05	-8.89155e-05
27.8484	-0.0022593	0.00211826	5.98087e-05	9.35523e-05	-0.00192417
28.1005	-0.0017406	0.00198744	8.14003e-05	7.87352e-05	-0.00339441
28.3654	-0.0012376	0.00180028	0.000101675	7.39195e-05	-0.00480809
28.6346	-0.000787888	0.00152378	0.000118239	4.37468e-05	-0.00704541
28.8995	-0.000427997	0.0011876	0.000124733	6.91222e-06	-0.00797898
29.1516	-0.000173626	0.00081722	0.000120774	-4.7195e-05	-0.00993078
29.3828	-3.02265e-05	0.000422241	0.00010002	-0.000132426	-0.0102002
29.5855	2.30742e-05	0.00011335	6.74812e-05	-0.000184699	-0.00854551
29.7534	2.35619e-05	-9.63625e-05	3.33335e-05	-0.000217592	-0.00585042
29.881	7.097e-06	-0.000125965	8.01675e-06	-0.000152231	0.0042585
29.9642	3.56299e-07	-2.72599e-05	3.69932e-07	-2.86062e-05	0.00762371
30	2.21655e-17	-3.09141e-16	-1.82097e-17	9.13676e-18	-2.72378e-09
