0	-7.88189e-16	4.0	-1.04717	2.06e-16	-154.688
0.0358417	0.128716	3.2252	-1.0595	-0.655524	-111.496
0.119026	0.342667	1.95956	-1.16129	-1.7186	-91.7535
0.24661	0.465199	0.0275358	-1.44592	-2.60455	-70.1533
0.414481	0.447354	0.6071	-1.937	-3.32254	105.913
0.617243	0.953916	3.96902	-2.73889	-4.29699	36.5515
0.848377	1.66827	0.82851	-3.36763	0.0191951	-176.911
1.10046	0.84057	-7.45007	-2.51252	5.55588	-191.383
1.36538	-1.91328	-11.8981	-1.32742	2.48134	6.0074
1.63462	-4.64569	-7.32051	-0.998857	0.883412	148.79
1.89954	-5.9064	-3.06756	-0.711224	0.932171	40.2373
2.15162	-6.48451	-1.23934	-0.57266	0.520723	73.6645
2.38276	-6.43499	1.40063	-0.346577	1.22576	34.0018
2.58552	-6.12412	1.47943	-0.182462	0.357672	2.92643
2.75339	-5.82969	2.16657	-0.113472	0.598071	26.9915
2.88097	-5.54567	2.09206	-0.0492763	0.249422	-20.4587
2.96416	-5.37438	2.17046	-0.0345366	0.2523	34.8335
3	-5.29383	2.26499	-0.0234359	0.306991	-28.7147
3	-5.29383	2.26499	-0.0234359	0.306991	-28.7147
3.03584	-5.21478	2.16825	-0.0151593	0.17964	-6.14776
3.11903	-5.03442	2.18983	-0.00211138	0.158325	4.39611
3.24661	-4.7529	2.19841	0.0170986	0.123845	-2.21469
3.41448	-4.39063	2.12459	0.0305907	0.053286	-1.12991
3.61724	-3.96352	2.08559	0.0416148	0.0556861	-1.55381
3.84838	-3.49449	1.96031	0.0500517	0.0127951	-3.47904
4.10046	-3.01758	1.83469	0.0513112	0.00911264	-2.07764
4.36538	-2.54723	1.70459	0.0548032	0.00737556	-3.53388
4.63462	-2.11168	1.53584	0.0530927	-0.0130582	-2.96937
4.89954	-1.72132	1.41298	0.0518698	0.00290126	-2.75994
5.15162	-1.3831	1.26449	0.0508603	-0.0149531	-3.53843
5.38276	-1.10527	1.14886	0.0471858	-0.00960831	-2.24406
5.58552	-0.881177	1.05511	0.0461385	-0.00775634	-3.29625
5.75339	-0.712117	0.96312	0.0435569	-0.0186697	-2.46304
5.88097	-0.5922	0.91784	0.0419721	-0.00617329	-2.25016
5.96416	-0.517536	0.873971	0.0412568	-0.0141681	-3.50116
6	-0.48655	0.857208	0.0406957	-0.0150003	-1.27019
6	-0.48655	0.857208	0.0406957	-0.0150003	-1.27019
6.03584	-0.456012	0.845952	0.0402511	-0.0107791	-2.16294
6.11903	-0.387092	0.810314	0.0393606	-0.0115121	-2.55682
6.24661	-0.287152	0.757511	0.0378173	-0.0118173	-2.25419
6.41448	-0.1654	0.693088	0.0359886	-0.0105144	-2.2345
6.61724	-0.0327112	0.616482	0.0337328	-0.0116154	-2.11717
6.84838	0.100454	0.537148	0.0311574	-0.010427	-1.92046
7.10046	0.225577	0.456223	0.0285741	-0.0104741	-1.83359
7.36538	0.335888	0.378238	0.0257737	-0.0102386	-1.62354
7.63462	0.428096	0.307691	0.0231971	-0.00916929	-1.49543
7.89954	0.500983	0.243665	0.0207292	-0.00939576	-1.35467
8.15162	0.555521	0.190248	0.0184835	-0.00827647	-1.19226
8.38276	0.594279	0.145575	0.0166218	-0.00809653	-1.12208
8.58552	0.620108	0.110038	0.0149868	-0.00776026	-0.981229
8.75339	0.636356	0.0837714	0.0137592	-0.00703107	-0.933431
8.88097	0.645799	0.064448	0.0128491	-0.00722739	-0.880116
8.96416	0.650679	0.0530882	0.0122632	-0.00674552	-0.797257
9	0.652497	0.0482754	0.0120247	-0.00663909	-0.863529
9	0.652497	0.0482754	0.0120247	-0.00663909	-0.863529
9.03584	0.654138	0.0433587	0.0117847	-0.00671809	-0.815013
9.11903	0.657295	0.0326681	0.011233	-0.00651565	-0.764822
9.24661	0.660466	0.0171852	0.0104213	-0.00624051	-0.722715
9.41448	0.661745	-0.00162365	0.00939673	-0.00594733	-0.656084
9.61724	0.659321	-0.0218621	0.00823656	-0.00550226	-0.58326
9.84838	0.651877	-0.0420617	0.00701301	-0.00509603	-0.508118
10.1005	0.638849	-0.0607287	0.00578712	-0.00461804	-0.42811
10.3654	0.620544	-0.0769243	0.00462885	-0.00414561	-0.355749
10.6346	0.597976	-0.0901919	0.00356929	-0.00371898	-0.286494
10.8995	0.57268	-0.100325	0.00264362	-0.00327575	-0.225915
11.1516	0.546421	-0.107664	0.00186306	-0.00292651	-0.175526
11.3828	0.520937	-0.112567	0.00122413	-0.00259574	-0.131455
11.5855	0.497788	-0.115593	0.000726193	-0.00232827	-0.0994891
11.7534	0.478229	-0.11731	0.000351184	-0.00213526	-0.0730593
11.881	0.463205	-0.118134	8.95004e-05	-0.00196825	-0.0550742
11.9642	0.453363	-0.118497	-7.05736e-05	-0.00188494	-0.0457491
12	0.449113	-0.118605	-0.000137485	-0.00184591	-0.0381092
12	0.449113	-0.118605	-0.000137485	-0.00184591	-0.0381092
12.0358	0.444861	-0.118678	-0.000202804	-0.00180031	-0.0347936
12.119	0.434984	-0.118763	-0.000348753	-0.00171038	-0.0252363
12.2466	0.419837	-0.118636	-0.00055844	-0.00157652	-0.0102555
12.4145	0.399966	-0.118024	-0.00080866	-0.00140698	0.0073625
12.6172	0.37616	-0.116689	-0.00107469	-0.00121941	0.0264599
12.8484	0.349433	-0.114463	-0.00133315	-0.00101957	0.0455001
13.1005	0.320962	-0.111312	-0.00156487	-0.000822851	0.0629086
13.3654	0.291987	-0.107333	-0.00175788	-0.000637279	0.07809
13.6346	0.263697	-0.102727	-0.00190623	-0.000468328	0.0903431
13.8995	0.23713	-0.0977764	-0.00201065	-0.000323125	0.0996743
14.1516	0.213108	-0.09278	-0.00207632	-0.000200275	0.106369
14.3828	0.19221	-0.0880305	-0.00211094	-0.000101682	0.110715
14.5855	0.17479	-0.0837797	-0.00212366	-2.50245e-05	0.113404
14.7534	0.161024	-0.0802264	-0.00212295	3.23899e-05	0.114807
14.881	0.150961	-0.0775186	-0.00211628	7.17082e-05	0.115474
14.9642	0.144586	-0.0757527	-0.00210929	9.62111e-05	0.115735
15	0.141885	-0.0749928	-0.00210566	0.000106006	0.115659
15	0.141885	-0.0749928	-0.00210566	0.000106006	0.115659
15.0358	0.139211	-0.0742339	-0.0021017	0.000115268	0.115744
15.119	0.133109	-0.072475	-0.00209122	0.000136498	0.115761
15.2466	0.124034	-0.0697889	-0.00207184	0.000166899	0.11551
15.4145	0.112613	-0.0662842	-0.00204072	0.000203147	0.114799
15.6172	0.0995971	-0.0621111	-0.00199553	0.000241601	0.113373
15.8484	0.0857814	-0.0574565	-0.00193531	0.000278261	0.11109
16.1005	0.0719222	-0.0525305	-0.00186095	0.00031042	0.107937
16.3654	0.0586704	-0.0475487	-0.00177513	0.000336181	0.103999
16.6346	0.0465244	-0.0427132	-0.00168194	0.000354868	0.0994912
16.8995	0.0358125	-0.0381962	-0.0015862	0.000366911	0.0946743
17.1516	0.0267013	-0.0341309	-0.00149282	0.000373253	0.0898385
17.3828	0.0192234	-0.0306085	-0.00140624	0.000375374	0.0852579
17.5855	0.0133164	-0.0276824	-0.00133016	0.000374683	0.0811666
17.7534	0.00886439	-0.0253761	-0.00126742	0.00037265	0.0777568
17.881	0.00573479	-0.0236937	-0.00122002	0.000370265	0.0751502
17.9642	0.00380828	-0.0226294	-0.00118929	0.000368424	0.0734807
18	0.0030053	-0.0221786	-0.0011761	0.000367782	0.0728017
18	0.0030053	-0.0221786	-0.0011761	0.000367782	0.0728017
18.0358	0.00221839	-0.0217323	-0.00116293	0.000367204	0.0720618
18.119	0.000453088	-0.0207151	-0.00113245	0.000365443	0.0703553
18.2466	-0.00209283	-0.0192048	-0.00108605	0.000361808	0.0677378
18.4145	-0.00515622	-0.0173093	-0.00102582	0.00035546	0.0643112
18.6172	-0.00844514	-0.0151566	-0.000954671	0.000346097	0.0602369
18.8484	-0.0116817	-0.0128807	-0.000876063	0.000333847	0.0556931
19.1005	-0.0146378	-0.0106084	-0.000793748	0.000319044	0.0508914
19.3654	-0.0171568	-0.00844663	-0.000711405	0.000302456	0.046045
19.6346	-0.0191608	-0.00647599	-0.00063233	0.000284805	0.041345
19.8995	-0.020643	-0.00474783	-0.000559231	0.000267028	0.0369665
20.1516	-0.021652	-0.0032862	-0.000494059	0.000250039	0.0330306
20.3828	-0.022271	-0.00209334	-0.000438063	0.000234531	0.0296278
20.5855	-0.0225988	-0.00115595	-0.000391862	0.000221256	0.0268086
20.7534	-0.0227329	-0.000452829	-0.000355624	0.000210509	0.0245842
20.881	-0.0227589	3.94657e-05	-0.000329276	0.000202567	0.0229692
20.9642	-0.022743	0.000341568	-0.000312637	0.000197474	0.0219272
21	-0.0227285	0.000467094	-0.0003056	0.000195147	0.0214571
21	-0.0227285	0.000467094	-0.0003056	0.000195147	0.0214571
21.0358	-0.0227095	0.000589817	-0.00029865	0.00019271	0.0210184
21.119	-0.0226489	0.000864437	-0.000282854	0.000187064	0.0200271
21.2466	-0.0225131	0.00125884	-0.000259531	0.000178601	0.0185661
21.4145	-0.0222615	0.00173057	-0.000230456	0.000167869	0.0167361
21.6172	-0.0218585	0.00223283	-0.000197691	0.000155399	0.0146599
21.8484	-0.0212842	0.00272162	-0.000163358	0.000141792	0.0124687
22.1005	-0.0205408	0.00316142	-0.000129411	0.00012767	0.0102833
22.3654	-0.0196526	0.00352865	-9.74647e-05	0.000113652	0.00820871
22.6346	-0.0186624	0.00381266	-6.86766e-05	0.000100351	0.00632197
22.8995	-0.017624	0.00401413	-4.37213e-05	8.82044e-05	0.00466972
23.1516	-0.0165948	0.00414237	-2.28483e-05	7.75571e-05	0.00327559
23.3828	-0.0156285	0.00421193	-5.97189e-06	6.85976e-05	0.00213721
23.5855	-0.0147712	0.00423932	7.19201e-06	6.13467e-05	0.00124193
23.7534	-0.0140591	0.0042407	1.70203e-05	5.58226e-05	0.000570825
23.881	-0.0135187	0.00422999	2.38902e-05	5.19065e-05	9.7953e-05
23.9642	-0.0131673	0.00421795	2.81069e-05	4.95077e-05	-0.000185728
24	-0.0130162	0.00421164	2.98642e-05	4.85624e-05	-0.000294972
24	-0.0130162	0.00421164	2.98642e-05	4.85624e-05	-0.000294972
24.0358	-0.0128654	0.00420471	3.15891e-05	4.76973e-05	-0.00040689
24.119	-0.0125164	0.00418598	3.54734e-05	4.56664e-05	-0.000689928
24.2466	-0.0119845	0.00415019	4.109e-05	4.23819e-05	-0.00109207
24.4145	-0.0112926	0.00409139	4.78571e-05	3.82855e-05	-0.00157291
24.6172	-0.0104715	0.00400403	5.51304e-05	3.34655e-05	-0.00210928
24.8484	-0.00955943	0.00388535	6.22637e-05	2.83868e-05	-0.00263074
25.1005	-0.0085984	0.00373633	6.88032e-05	2.35712e-05	-0.00312641
25.3654	-0.00763143	0.00356088	7.44156e-05	1.88914e-05	-0.00356711
25.6346	-0.00669848	0.00336684	7.89547e-05	1.49709e-05	-0.00392765
25.8995	-0.00583324	0.00316332	8.24649e-05	1.1547e-05	-0.00423498
26.1516	-0.00506125	0.00296043	8.49993e-05	8.69412e-06	-0.00445873
26.3828	-0.00439906	0.00276858	8.67669e-05	6.60936e-06	-0.00463771
26.5855	-0.00385513	0.00259611	8.79051e-05	4.61598e-06	-0.00477394
26.7534	-0.00343144	0.00245148	8.85668e-05	3.3509e-06	-0.00484891
26.881	-0.00312575	0.00234029	8.89267e-05	2.14351e-06	-0.00495213
26.9642	-0.00293411	0.0022672	8.90613e-05	1.22368e-06	-0.00492585
27	-0.00285341	0.00223634	8.9108e-05	1.53316e-06	-0.00477415
27	-0.00285341	0.00223634	8.9108e-05	1.53316e-06	-0.00477415
27.0358	-0.00277382	0.00220463	8.91594e-05	9.82901e-07	-0.00515699
27.119	-0.00259356	0.00212975	8.91287e-05	-1.15356e-06	-0.00499676
27.2466	-0.00232889	0.00201941	8.90581e-05	9.24905e-08	-0.00496603
27.4145	-0.00200238	0.00186962	8.88922e-05	-2.8258e-06	-0.00518805
27.6172	-0.00164158	0.00169071	8.81017e-05	-3.71194e-06	-0.00498933
27.8484	-0.00127392	0.00148954	8.7352e-05	-4.11206e-06	-0.00517764
28.1005	-0.000926791	0.00126515	8.55433e-05	-9.74502e-06	-0.00514938
28.3654	-0.00062184	0.00103807	8.28326e-05	-1.0805e-05	-0.00506532
28.6346	-0.000373818	0.000802746	7.87766e-05	-2.12957e-05	-0.00528894
28.8995	-0.000191627	0.000575415	7.14541e-05	-3.30323e-05	-0.00498966
29.1516	-7.2811e-05	0.000366365	6.14097e-05	-4.98118e-05	-0.00513159
29.3828	-1.05234e-05	0.000175678	4.67129e-05	-7.6904e-05	-0.00466811
29.5855	1.07345e-05	4.03694e-05	2.96649e-05	-8.941e-05	-0.0035678
29.7534	9.98351e-06	-4.36849e-05	1.40565e-05	-9.47088e-05	-0.00223556
29.881	2.92817e-06	-5.24079e-05	3.30628e-06	-6.32416e-05	0.00186449
29.9642	1.45517e-07	-1.11478e-05	1.51082e-07	-1.16978e-05	0.00312756
30	-5.15447e-17	4.70387e-16	2.53838e-17	-1.37305e-17	-1.10879e-09
