0	-0.466667	4.0	-2.09433	2.09433	-91.7379
0.0358417	-0.318469	4.53923	-2.02993	1.38308	194.397
0.119026	0.157643	6.53364	-1.99833	-0.383342	56.9713
0.24661	1.02468	7.19239	-2.10978	-1.38244	81.5511
0.414481	2.52074	10.7355	-2.55781	-3.89253	101.814
0.617243	4.68493	8.87116	-3.18585	-0.714778	-197.8
0.848377	5.68457	-0.349294	-2.47197	5.70863	-229.032
1.10046	4.75426	-5.49635	-1.26472	2.79711	-8.78223
1.36538	3.65665	-1.73045	-0.875761	1.15862	135.153
1.63462	3.83479	2.22375	-0.472926	1.43769	32.2706
1.89954	4.51956	2.94961	-0.233329	0.596805	27.9288
2.15162	5.42585	4.10748	-0.0382052	0.862957	9.56707
2.38276	6.34355	3.69339	0.0849357	0.187807	-11.3392
2.58552	7.08423	3.69467	0.124799	0.286928	0.438846
2.75339	7.67878	3.28057	0.157071	0.0218361	-19.204
2.88097	8.08519	3.19822	0.160349	0.130243	6.64952
2.96416	8.34912	3.05653	0.173134	0.0900523	-28.3666
3	8.45613	2.95123	0.174837	0.0422488	10.9224
3	8.45613	2.95123	0.174837	0.0422488	10.9224
3.03584	8.56238	2.96262	0.177802	0.10759	-4.2316
3.11903	8.80337	2.81315	0.186456	0.0845103	-12.9726
3.24661	9.14529	2.55552	0.194068	0.0472508	-10.8906
3.41448	9.54738	2.22423	0.200888	0.0267629	-13.0689
3.61724	9.95125	1.75736	0.200084	-0.0313815	-13.6131
3.84838	10.2997	1.26726	0.190403	-0.0458157	-12.3316
4.10046	10.5538	0.746648	0.176634	-0.0682086	-12.5549
4.36538	10.6826	0.24237	0.156074	-0.0788149	-10.525
4.63462	10.6887	-0.190962	0.136564	-0.0699486	-9.70166
4.89954	10.5843	-0.588672	0.116382	-0.0811421	-8.56362
5.15162	10.3963	-0.890723	0.0973856	-0.0666268	-6.83845
5.38276	10.1618	-1.13781	0.0823752	-0.0682475	-6.68989
5.58552	9.91111	-1.32448	0.0682073	-0.0661859	-4.97268
5.75339	9.67866	-1.44438	0.0583057	-0.0549251	-4.84222
5.88097	9.48824	-1.53934	0.0508889	-0.0611922	-4.41215
5.96416	9.3582	-1.58377	0.0460491	-0.0527947	-3.11445
6	9.30112	-1.60304	0.044215	-0.0511669	-4.65646
6	9.30112	-1.60304	0.044215	-0.0511669	-4.65646
6.03584	9.24324	-1.62561	0.0423284	-0.0533806	-3.84139
6.11903	9.10622	-1.66758	0.0379741	-0.050668	-3.2268
6.24661	8.88975	-1.72486	0.0317654	-0.0473468	-2.98587
6.41448	8.59458	-1.78906	0.0240251	-0.0444901	-2.41324
6.61724	8.22571	-1.8462	0.0155499	-0.0392338	-1.8403
6.84838	7.7934	-1.89114	0.00696043	-0.0353099	-1.29702
7.10046	7.31307	-1.91556	-0.00133946	-0.0302868	-0.682907
7.36538	6.80487	-1.9177	-0.0086868	-0.0255629	-0.20662
7.63462	6.29048	-1.89982	-0.015074	-0.0217385	0.263743
7.89954	5.79164	-1.86353	-0.0202394	-0.0173663	0.643033
8.15162	5.32757	-1.81658	-0.0242398	-0.0145335	0.921127
8.38276	4.91365	-1.76346	-0.0272741	-0.0115661	1.18627
8.58552	4.56138	-1.71058	-0.029366	-0.00930322	1.32344
8.75339	4.27811	-1.66363	-0.0308195	-0.00791085	1.46473
8.88097	4.06828	-1.62547	-0.0317298	-0.00637761	1.54581
8.96416	3.93411	-1.60027	-0.0322356	-0.00587296	1.55655
9	3.87695	-1.58919	-0.0324421	-0.00559127	1.63549
9	3.87695	-1.58919	-0.0324421	-0.00559127	1.63549
9.03584	3.8202	-1.57787	-0.0326345	-0.00517569	1.62917
9.11903	3.69004	-1.55153	-0.0330363	-0.00451168	1.65659
9.24661	3.4947	-1.5103	-0.0335497	-0.00352402	1.71555
9.41448	3.24581	-1.45475	-0.0340339	-0.00227816	1.77029
9.61724	2.95776	-1.38636	-0.034363	-0.000990894	1.82143
9.84838	2.64645	-1.3072	-0.0344329	0.000362332	1.86056
10.1005	2.32787	-1.22043	-0.0341796	0.00160344	1.87738
10.3654	2.0166	-1.12968	-0.0336053	0.00270999	1.87626
10.6346	1.72471	-1.03875	-0.0327425	0.00366021	1.85319
10.8995	1.46115	-0.951417	-0.0316733	0.00438655	1.81469
11.1516	1.23154	-0.870765	-0.0304918	0.00496945	1.76648
11.3828	1.03858	-0.79934	-0.029294	0.00537134	1.71149
11.5855	0.882667	-0.738881	-0.0281761	0.00565064	1.65973
11.7534	0.762715	-0.690471	-0.0272104	0.00584331	1.61177
11.881	0.676911	-0.654754	-0.0264583	0.0059425	1.5742
11.9642	0.623397	-0.631953	-0.0259612	0.00601198	1.55027
12	0.60092	-0.622255	-0.0257452	0.00603595	1.53697
12	0.60092	-0.622255	-0.0257452	0.00603595	1.53697
12.0358	0.57879	-0.612638	-0.0255286	0.00605297	1.52678
12.119	0.528748	-0.590602	-0.0250233	0.00609639	1.5011
12.2466	0.455512	-0.557612	-0.0242421	0.00614438	1.46002
12.4145	0.365446	-0.515711	-0.0232076	0.0061753	1.40525
12.6172	0.265819	-0.467406	-0.0219549	0.00617386	1.33781
12.8484	0.163854	-0.415441	-0.020533	0.00612176	1.26004
13.1005	0.0658824	-0.362522	-0.0190021	0.00601685	1.17516
13.3654	-0.0232496	-0.311084	-0.017428	0.00585919	1.08651
13.6346	-0.100453	-0.263107	-0.0158768	0.00565756	0.998101
13.8995	-0.164359	-0.22001	-0.0144076	0.00542936	0.913386
14.1516	-0.215037	-0.182657	-0.0130689	0.00518861	0.835358
14.3828	-0.253591	-0.151415	-0.0118965	0.00495447	0.766498
14.5855	-0.281709	-0.126279	-0.0109134	0.00474162	0.708287
14.7534	-0.301271	-0.107012	-0.0101325	0.00456234	0.661878
14.881	-0.314039	-0.0932684	-0.00955908	0.00442652	0.627654
14.9642	-0.32144	-0.0847156	-0.00919457	0.0043372	0.605737
15	-0.324412	-0.081128	-0.00903981	0.00429854	0.596473
15	-0.324412	-0.081128	-0.00903981	0.00429854	0.596473
15.0358	-0.327256	-0.0775985	-0.00888643	0.0042597	0.587152
15.119	-0.333377	-0.0696288	-0.00853589	0.00416819	0.565914
15.2466	-0.341511	-0.0579942	-0.00801311	0.00402691	0.53423
15.4145	-0.350033	-0.0437358	-0.00735271	0.00384099	0.494013
15.6172	-0.357282	-0.0280368	-0.00659663	0.00361717	0.447706
15.8484	-0.361878	-0.0120605	-0.00578974	0.00336562	0.397993
16.1005	-0.362951	0.0031855	-0.00497528	0.00309746	0.347431
16.3654	-0.360235	0.0169438	-0.00419114	0.00282402	0.298377
16.6346	-0.354037	0.0287493	-0.00346692	0.00255767	0.252735
16.8995	-0.3451	0.0384159	-0.00282264	0.00230859	0.211816
17.1516	-0.33443	0.0459869	-0.00226915	0.00208517	0.17643
17.3828	-0.323122	0.051665	-0.00180964	0.00189296	0.146851
17.5855	-0.31222	0.0557394	-0.00144205	0.00173462	0.123073
17.7534	-0.302622	0.0585247	-0.00116126	0.0016119	0.104859
17.881	-0.295038	0.0603099	-0.0009613	0.00152332	0.0918
17.9642	-0.289978	0.0613282	-0.000836904	0.00146805	0.0837862
18	-0.287773	0.0617338	-0.000784691	0.00144575	0.0805841
18	-0.287773	0.0617338	-0.000784691	0.00144575	0.0805841
18.0358	-0.285553	0.0621195	-0.000733261	0.00142397	0.0770976
18.119	-0.280351	0.0629369	-0.000616945	0.00137254	0.0693245
18.2466	-0.272252	0.0639882	-0.000446868	0.00129362	0.0579284
18.4145	-0.261418	0.0650177	-0.000238393	0.00119034	0.0438322
18.6172	-0.24815	0.0657663	-9.41621e-06	0.00106915	0.0282518
18.8484	-0.232908	0.0660243	0.000222431	0.000938378	0.0122904
19.1005	-0.216297	0.065666	0.000442002	0.000805502	-0.00304333
19.3654	-0.19902	0.0646668	0.000638205	0.000677707	-0.0169937
19.6346	-0.181809	0.0630942	0.000804486	0.000559297	-0.0291111
19.8995	-0.165351	0.0610879	0.000938449	0.000453903	-0.0391394
20.1516	-0.15023	0.0588293	0.00104125	0.000363095	-0.0471438
20.3828	-0.136896	0.0565121	0.00111623	0.00028685	-0.0532433
20.5855	-0.125657	0.0543223	0.00116813	0.00022595	-0.0576941
20.7534	-0.116697	0.0524176	0.00120206	0.000178689	-0.060834
20.881	-0.110104	0.0509245	0.00122268	0.000145066	-0.0628243
20.9642	-0.105909	0.0499326	0.00123387	0.000123748	-0.0641709
21	-0.104127	0.0494997	0.00123812	0.000113284	-0.0649747
21	-0.104127	0.0494997	0.00123812	0.000113284	-0.0649747
21.0358	-0.102361	0.0490635	0.00124198	0.00010198	-0.0654438
21.119	-0.0983221	0.0480434	0.00124941	7.69216e-05	-0.0663865
21.2466	-0.0922932	0.0464626	0.00125697	4.2488e-05	-0.0675056
21.4145	-0.0846694	0.0443631	0.00126078	4.00075e-06	-0.0685663
21.6172	-0.0759328	0.0418118	0.00125749	-3.5355e-05	-0.0693498
21.8484	-0.0666049	0.0389039	0.00124481	-7.32745e-05	-0.0696318
22.1005	-0.0571954	0.035758	0.00122183	-0.000108133	-0.0693219
22.3654	-0.0481546	0.0325061	0.00118895	-0.00013915	-0.0683822
22.6346	-0.0398384	0.0292834	0.00114787	-0.000165182	-0.0668679
22.8995	-0.0324897	0.0262137	0.00110119	-0.000186627	-0.0649421
23.1516	-0.0262386	0.0234014	0.00105191	-0.00020388	-0.0627436
23.3828	-0.0211177	0.0209264	0.00100317	-0.00021767	-0.0604991
23.5855	-0.0170874	0.0188418	0.000957831	-0.000229549	-0.058375
23.7534	-0.0140646	0.0171809	0.000918478	-0.000239329	-0.0565011
23.881	-0.011951	0.0159587	0.000887432	-0.000247568	-0.0550671
23.9642	-0.0106559	0.0151813	0.000866602	-0.000253059	-0.0539602
24	-0.0101177	0.0148522	0.000857503	-0.000254468	-0.0532982
24	-0.0101177	0.0148522	0.000857503	-0.000254468	-0.0532982
24.0358	-0.00959121	0.0145271	0.000848371	-0.000255	-0.052752
24.119	-0.00841373	0.0137862	0.000827153	-0.000254914	-0.0515133
24.2466	-0.00672555	0.0126844	0.000794698	-0.000253941	-0.0497765
24.4145	-0.00471373	0.0112958	0.000752093	-0.000253723	-0.0474895
24.6172	-0.0025856	0.0097132	0.000700752	-0.000252385	-0.0446269
24.8484	-0.000537011	0.00803522	0.000642694	-0.000250067	-0.0414209
25.1005	0.00127357	0.00635648	0.000579987	-0.000247129	-0.037872
25.3654	0.00274263	0.00476293	0.00051518	-0.000241958	-0.0341621
25.6346	0.00382655	0.00331741	0.000450711	-0.000237019	-0.0304788
25.8995	0.00453571	0.00206423	0.000388657	-0.000231112	-0.0268365
26.1516	0.00492189	0.00102376	0.000331159	-0.000225398	-0.0235115
26.3828	0.00506048	0.00019575	0.000279567	-0.000220722	-0.0204336
26.5855	0.00503514	-0.000430373	0.000235426	-0.000214559	-0.0177692
26.7534	0.00492415	-0.000882297	0.00019974	-0.000210935	-0.0156986
26.881	0.00479192	-0.00118398	0.000173057	-0.000206564	-0.0138679
26.9642	0.00468598	-0.00136129	0.000156045	-0.000203175	-0.0131698
27	0.00463584	-0.00143704	0.000148737	-0.000205428	-0.0135849
27	0.00463584	-0.00143704	0.000148737	-0.000205428	-0.0135849
27.0358	0.00458303	-0.00150774	0.000141357	-0.000204985	-0.0117074
27.119	0.00445141	-0.00165622	0.000124621	-0.000199233	-0.0112846
27.2466	0.00422597	-0.00187276	9.88063e-05	-0.000205439	-0.00992274
27.4145	0.00389224	-0.00209009	6.48973e-05	-0.00019548	-0.00712535
27.6172	0.0034481	-0.00228192	2.61573e-05	-0.000190951	-0.0054295
27.8484	0.00290356	-0.00240797	-1.80849e-05	-0.000186923	-0.00201762
28.1005	0.00229462	-0.00240397	-6.19653e-05	-0.000162802	0.000861282
28.3654	0.00166979	-0.00229316	-0.000103896	-0.00015294	0.00371376
28.6346	0.00108525	-0.00201915	-0.000139667	-0.000104805	0.00774034
28.8995	0.000600921	-0.00162405	-0.000159418	-4.66147e-05	0.00979008
29.1516	0.000248664	-0.0011469	-0.000162228	3.75126e-05	0.0132676
29.3828	4.54449e-05	-0.000606019	-0.00013848	0.000168399	0.0142166
29.5855	-3.19809e-05	-0.000169569	-9.52769e-05	0.000252507	0.0122508
29.7534	-3.36462e-05	0.000134709	-4.7668e-05	0.00030817	0.00860179
29.881	-1.02141e-05	0.000180856	-1.15391e-05	0.000218662	-0.00602111
29.9642	-5.14253e-07	3.93308e-05	-5.33933e-07	4.12738e-05	-0.01099
30	-1.01641e-16	1.02295e-15	5.73583e-17	-3.08935e-17	3.93477e-09
