0	-0.7	-3.48998e-15	1.04717	2.09433	-1.17117	
0.0261266	-0.700023	-0.000350459	1.10283	2.16774	0.917486	
0.0867634	-0.699813	0.00600115	1.23965	2.34471	0.390929	
0.179765	-0.699608	-0.00444837	1.4699	2.60321	-0.587251	
0.302133	-0.701348	-0.0232198	1.80642	2.87778	-0.281194	
0.449935	-0.706856	-0.0560728	2.24372	2.98953	-1.53885	
0.618419	-0.721641	-0.119794	2.72966	2.69773	-2.09331	
0.80217	-0.746966	-0.14153	3.1561	1.87361	0.266163	
0.995282	-0.770214	-0.0913867	3.41402	0.804804	1.89895	
1.19155	-0.778444	0.0253569	3.47905	-0.0969609	5.36483	
1.38466	-0.752206	0.265019	3.39822	-0.681963	9.02424	
1.56841	-0.677461	0.554228	3.24872	-0.889899	10.4395	
1.7369	-0.559493	0.845399	3.10082	-0.828745	10.2205	
1.8847	-0.420215	1.01221	2.99533	-0.563587	3.87464	
2.00707	-0.293717	1.04479	2.94552	-0.247964	0.385986	
2.10007	-0.198202	0.982627	2.93463	0.0298574	-10.0444	
2.1607	-0.142431	0.856269	2.94338	0.252262	-9.01031	
2.18683	-0.120264	0.857016	2.95058	0.28166	14.256	
2.18683	-0.120264	0.857016	2.95058	0.28166	14.256	
2.21296	-0.0987096	0.75463	2.95911	0.408022	-41.7693	
2.27359	-0.0629312	0.492364	2.99417	0.670944	-7.7669	
2.3666	-0.0252268	0.223791	3.0618	0.861283	-40.0018	
2.48896	-0.0584311	-0.76321	3.20834	1.46487	-42.1664	
2.63677	-0.233625	-1.61943	3.42744	1.45604	-45.1017	
2.80525	-0.635646	-3.19447	3.68433	1.5321	-52.6297	
2.989	-1.30087	-3.72961	3.87321	0.314592	6.27705	
3.18211	-1.99669	-3.45387	3.80941	-0.869425	17.5709	
3.37838	-2.48723	-0.670542	3.42786	-3.54679	174.427	
3.57149	-1.9775	6.06385	2.41153	-6.28	198.47	
3.75524	-0.511845	8.78637	1.43107	-3.7602	-15.4583	
3.92373	0.8308	6.80073	1.01778	-1.60917	-94.8509	
4.07153	1.67765	4.77002	0.809224	-1.24811	-69.4619	
4.1939	2.1818	3.49523	0.676627	-0.957683	-61.6845	
4.2869	2.46335	2.57514	0.588374	-0.9463	-54.76	
4.34754	2.60487	2.12224	0.533416	-0.850496	-38.5176	
4.37366	2.65806	1.94074	0.511675	-0.823364	-51.7105	
4.37366	2.65806	1.94074	0.511675	-0.823364	-51.7105	
4.39979	2.70605	1.73847	0.490172	-0.818924	-43.7939	
4.46043	2.79935	1.35134	0.442013	-0.765434	-35.9963	
4.55343	2.90088	0.844367	0.374777	-0.684418	-31.0949	
4.6758	2.96921	0.296875	0.2966	-0.592329	-23.8644	
4.8236	2.97551	-0.183337	0.217889	-0.473563	-16.9009	
4.99208	2.91017	-0.569071	0.14792	-0.362416	-11.795	
5.17583	2.7784	-0.840995	0.0906205	-0.263005	-7.02646	
5.36894	2.59896	-1.00199	0.0485139	-0.178543	-4.06195	
5.56521	2.39246	-1.09144	0.0191817	-0.123719	-2.00043	
5.75832	2.17831	-1.1177	-0.000322583	-0.0796576	-0.36356	
5.94207	1.97316	-1.11277	-0.0122854	-0.0537933	0.195867	
6.11056	1.78726	-1.08992	-0.0199676	-0.0367616	1.05054	
6.25836	1.62863	-1.05619	-0.0242892	-0.023368	1.16454	
6.38073	1.50106	-1.02807	-0.0268761	-0.018864	1.42024	
6.47373	1.40671	-1.00023	-0.0283307	-0.012181	1.67929	
6.53437	1.34657	-0.983868	-0.0290087	-0.0110006	1.31932	
6.56049	1.32096	-0.976545	-0.0292931	-0.0103588	1.94482	
6.56049	1.32096	-0.976545	-0.0292931	-0.0103588	1.94482	
6.58662	1.29556	-0.968004	-0.0295391	-0.00866287	1.72269	
6.64726	1.23742	-0.949811	-0.0300042	-0.00688071	1.65234	
6.74026	1.1504	-0.921169	-0.030532	-0.00438173	1.76094	
6.86263	1.04006	-0.882311	-0.030874	-0.00142518	1.77947	
7.01043	0.913115	-0.835358	-0.0309092	0.000847656	1.80268	
7.17891	0.776919	-0.781357	-0.0305688	0.00311638	1.81449	
7.36266	0.638691	-0.723434	-0.0298418	0.00461419	1.77275	
7.55578	0.50474	-0.664074	-0.0288481	0.00568159	1.74158	
7.75204	0.380187	-0.605572	-0.02764	0.00651883	1.67515	
7.94515	0.268586	-0.550655	-0.0263511	0.00680203	1.60749	
8.1289	0.172044	-0.500487	-0.0250699	0.00714843	1.54618	
8.29739	0.0914406	-0.456718	-0.0238559	0.0071945	1.46905	
8.44519	0.0266643	-0.420025	-0.0227958	0.00719356	1.42137	
8.56756	-0.0229287	-0.390732	-0.0219099	0.00725175	1.36509	
8.66056	-0.0582677	-0.369346	-0.0212407	0.00713846	1.32713	
8.7212	-0.0802473	-0.355634	-0.0208075	0.00716992	1.31456	
8.74732	-0.0894626	-0.349822	-0.02062	0.00716473	1.28364	
8.74732	-0.0894626	-0.349822	-0.02062	0.00716473	1.28364	
8.77345	-0.0985274	-0.344097	-0.0204335	0.00712287	1.281	
8.83409	-0.118992	-0.330938	-0.0200028	0.00708686	1.25999	
8.92709	-0.148851	-0.311279	-0.0193467	0.00701551	1.22037	
9.04946	-0.185407	-0.286375	-0.0184955	0.00689743	1.1721	
9.19726	-0.225595	-0.257694	-0.0174862	0.00675636	1.11364	
9.36574	-0.266388	-0.22687	-0.0163638	0.00656302	1.04776	
9.54949	-0.305154	-0.195445	-0.0151779	0.00634503	0.978633	
9.74261	-0.339901	-0.164816	-0.0139758	0.0061004	0.907072	
9.93887	-0.369394	-0.136126	-0.0128045	0.00583545	0.837503	
10.132	-0.393141	-0.110184	-0.0117025	0.00557607	0.771428	
10.3157	-0.411277	-0.0875372	-0.0107016	0.00531611	0.710748	
10.4842	-0.424394	-0.068432	-0.00982591	0.00508066	0.657918	
10.632	-0.433348	-0.0529289	-0.00909023	0.00487237	0.612593	
10.7544	-0.439085	-0.0409539	-0.00850487	0.00469566	0.576833	
10.8474	-0.44249	-0.0323495	-0.0080742	0.00456597	0.550315	
10.908	-0.444288	-0.0269705	-0.00779999	0.00447739	0.5328	
10.9342	-0.444963	-0.0247078	-0.00768352	0.00443883	0.525975	
10.9342	-0.444963	-0.0247078	-0.00768352	0.00443883	0.525975	
10.9603	-0.445579	-0.022476	-0.00756803	0.00440165	0.518875	
11.0209	-0.446788	-0.0174189	-0.00730373	0.00431622	0.502565	
11.1139	-0.448059	-0.00998929	-0.00690834	0.00418695	0.478087	
11.2363	-0.448713	-0.00079965	-0.00640626	0.00401953	0.446873	
11.3841	-0.448063	0.0094449	-0.0058269	0.00382069	0.41068	
11.5526	-0.445563	0.0200352	-0.00520195	0.00359868	0.371447	
11.7363	-0.440916	0.0303364	-0.00456248	0.00336256	0.331061	
11.9294	-0.434119	0.0398454	-0.00393653	0.00312153	0.291287	
12.1257	-0.425456	0.048221	-0.00334723	0.00288499	0.253604	
12.3188	-0.415444	0.055285	-0.0028119	0.00266069	0.219123	
12.5026	-0.404745	0.0610024	-0.00234198	0.00245544	0.188662	
12.6711	-0.394083	0.0654471	-0.00194362	0.00227444	0.16264	
12.8189	-0.384158	0.068761	-0.00161886	0.00212085	0.141278	
12.9412	-0.375596	0.0711173	-0.0013669	0.00199778	0.124622	
13.0342	-0.368908	0.072686	-0.00118537	0.0019064	0.112517	
13.0949	-0.364472	0.0736102	-0.00107155	0.00184811	0.105045	
13.121	-0.362544	0.0739858	-0.00102358	0.00182406	0.102069	
13.121	-0.362544	0.0739858	-0.00102358	0.00182406	0.102069	
13.1471	-0.360606	0.0743484	-0.000976229	0.00180086	0.0989879	
13.2077	-0.356073	0.0751385	-0.000868636	0.00174807	0.091849	
13.3008	-0.349034	0.0762129	-0.000709782	0.00166827	0.0811798	
13.4231	-0.339634	0.0773833	-0.000511976	0.00156507	0.0678284	
13.5709	-0.328113	0.0784501	-0.000289655	0.00144398	0.052724	
13.7394	-0.314823	0.0792374	-5.76271e-05	0.00131136	0.0368348	
13.9232	-0.300221	0.0796206	0.000170613	0.00117422	0.0210616	
14.1163	-0.284845	0.0795419	0.000384157	0.00103889	0.00613114	
14.3125	-0.269279	0.0790113	0.000575318	0.000910682	-0.00740516	
14.5056	-0.254103	0.0780976	0.000739753	0.000793852	-0.0192155	
14.6894	-0.239857	0.0769113	0.000876067	0.000691228	-0.029151	
14.8579	-0.227007	0.0755856	0.000985136	0.000604731	-0.0372036	
15.0057	-0.215932	0.0742579	0.0010693	0.000535123	-0.0434892	
15.1281	-0.206918	0.0730554	0.0011315	0.000482156	-0.048168	
15.2211	-0.200168	0.0720852	0.00117458	0.000444878	-0.0514337	
15.2817	-0.195817	0.0714284	0.00120086	0.000421794	-0.0534666	
15.3078	-0.193955	0.0711397	0.00121175	0.00041204	-0.0543308	
15.3078	-0.193955	0.0711397	0.00121175	0.00041204	-0.0543308	
15.3339	-0.1921	0.0708471	0.00122238	0.000401876	-0.0553803	
15.3946	-0.187825	0.0701537	0.001246	0.000377102	-0.0574024	
15.4876	-0.181351	0.0690573	0.00127934	0.000340205	-0.0601342	
15.61	-0.172992	0.0675598	0.00131813	0.000294064	-0.0634451	
15.7578	-0.163145	0.0656773	0.00135767	0.000241665	-0.0669295	
15.9262	-0.152266	0.063449	0.0013937	0.000186903	-0.0703052	
16.11	-0.140836	0.0609372	0.00142294	0.000132151	-0.0733346	
16.3031	-0.129329	0.058228	0.00144335	8.02865e-05	-0.0758023	
16.4994	-0.118176	0.0554233	0.0014544	3.31645e-05	-0.0776679	
16.6925	-0.107742	0.0526329	0.00145674	-8.13796e-06	-0.0789013	
16.8762	-0.0983155	0.0499658	0.001452	-4.26685e-05	-0.0795897	
17.0447	-0.0901031	0.0475215	0.00144239	-7.08444e-05	-0.0798566	
17.1925	-0.0832373	0.0453858	0.00143027	-9.27278e-05	-0.0798116	
17.3149	-0.0777912	0.0436277	0.00141791	-0.000109146	-0.0796339	
17.4079	-0.0737956	0.0422995	0.00140721	-0.000120753	-0.0793843	
17.4685	-0.0712568	0.0414379	0.00139967	-0.000127795	-0.0792042	
17.4946	-0.070179	0.0410676	0.00139629	-0.000130939	-0.0791882	
17.4946	-0.070179	0.0410676	0.00139629	-0.000130939	-0.0791882	
17.5208	-0.0691109	0.0406981	0.00139283	-0.000133869	-0.0789603	
17.5814	-0.066669	0.0398441	0.00138453	-0.000140013	-0.0787411	
17.6744	-0.0630241	0.0385418	0.00137105	-0.000149754	-0.0783261	
17.7968	-0.0584117	0.0368458	0.00135203	-0.000160903	-0.0776148	
17.9446	-0.0531156	0.034825	0.00132731	-0.000173574	-0.0767356	
18.1131	-0.0474394	0.0325622	0.00129693	-0.000186555	-0.0754626	
18.2968	-0.0416786	0.0301503	0.00126159	-0.000197901	-0.0739558	
18.4899	-0.0360957	0.027681	0.00122227	-0.000209042	-0.0722091	
18.6862	-0.030903	0.0252474	0.00118038	-0.000217295	-0.0702074	
18.8793	-0.0262525	0.0229297	0.00113773	-0.00022457	-0.0682379	
19.0631	-0.0222361	0.0207978	0.00109585	-0.000230737	-0.066146	
19.2315	-0.018892	0.0189095	0.00105665	-0.00023475	-0.064255	
19.3793	-0.0162164	0.0173029	0.00102156	-0.000240202	-0.0625775	
19.5017	-0.0141785	0.0160116	0.000991967	-0.000243116	-0.0609939	
19.5947	-0.0127341	0.015052	0.000969224	-0.00024683	-0.0601761	
19.6554	-0.0118401	0.014436	0.000954136	-0.000250115	-0.0589715	
19.6815	-0.0114664	0.0141771	0.000947622	-0.000247704	-0.0574232	
19.6815	-0.0114664	0.0141771	0.000947622	-0.000247704	-0.0574232	
19.7076	-0.0110994	0.0139156	0.000941148	-0.000249689	-0.0597531	
19.7682	-0.0102741	0.0133085	0.000925623	-0.000259701	-0.0577515	
19.8612	-0.00907806	0.0124164	0.000901751	-0.00025372	-0.0563095	
19.9836	-0.00763015	0.0112495	0.000869889	-0.000271183	-0.0560672	
20.1314	-0.00606856	0.00989655	0.00082864	-0.000281052	-0.0527194	
20.2999	-0.00452558	0.00842402	0.000780856	-0.000293951	-0.0518516	
20.4836	-0.00312241	0.00686368	0.000722442	-0.00034009	-0.0491539	
20.6768	-0.00194533	0.00534469	0.000654114	-0.000369067	-0.0461286	
20.873	-0.00104276	0.0038599	0.000574525	-0.000452712	-0.0448556	
21.0661	-0.0004304	0.0025115	0.000478085	-0.000539489	-0.0397313	
21.2499	-7.58549e-05	0.00136034	0.000371466	-0.000632479	-0.0371396	
21.4184	7.08785e-05	0.00041614	0.00025496	-0.000739299	-0.0296775	
21.5662	8.69192e-05	-0.000150926	0.000145787	-0.00071763	-0.0180178	
21.6885	5.02029e-05	-0.00041288	6.25934e-05	-0.00062713	-0.00644669	
21.7815	1.26524e-05	-0.000325371	1.38072e-05	-0.00037042	0.0203451	
21.8422	5.93522e-07	-6.28308e-05	6.11572e-07	-6.52294e-05	0.0246212	
21.8683	-3.10527e-19	6.43408e-18	4.86503e-19	-4.46546e-19	-1.14639e-08	
