0	0.233333	3.58356e-15	-3.1415	1.04717	-76.8238
0.0320452	0.232909	0.10142	-3.10906	0.849898	73.2834
0.106418	0.272097	0.820834	-3.0829	0.0129664	22.7749
0.220488	0.38272	1.23783	-3.10047	-0.418622	53.5237
0.370577	0.706357	3.10921	-3.27414	-1.78377	64.0894
0.551862	1.35744	3.76961	-3.56629	-1.1118	7.0689
0.758514	2.20729	4.60549	-3.71683	-0.484585	24.8649
0.983891	3.12448	2.29083	-3.56805	2.58294	-167.277
1.22075	2.72609	-5.72922	-2.43425	6.03205	-184.035
1.46148	0.841774	-8.43549	-1.26949	3.01206	36.9157
1.69834	-0.817164	-5.24463	-0.854887	1.14005	91.4375
1.92371	-1.68111	-2.71434	-0.6016	1.02719	46.7455
2.13037	-2.09683	-1.34365	-0.433435	0.677988	39.3983
2.31165	-2.24056	-0.312324	-0.306574	0.694212	25.474
2.46174	-2.25225	0.109101	-0.219718	0.457315	14.6938
2.57581	-2.22178	0.439965	-0.169814	0.442321	17.9222
2.65018	-2.18322	0.56391	-0.138934	0.361663	3.42703
2.68223	-2.16474	0.600948	-0.128082	0.328177	16.9678
2.68223	-2.16474	0.600948	-0.128082	0.328177	16.9678
2.71427	-2.14428	0.670803	-0.11746	0.33	10.863
2.78865	-2.09058	0.764754	-0.0945091	0.283248	6.50194
2.90272	-1.99703	0.873319	-0.065953	0.223744	5.66323
3.0528	-1.85738	0.976729	-0.0363208	0.171162	3.10525
3.23409	-1.67491	1.02697	-0.0110169	0.111108	1.15967
3.44074	-1.46052	1.04257	0.00757624	0.0732543	0.157269
3.66612	-1.22777	1.01471	0.0205688	0.0419073	-1.14602
3.90298	-0.994322	0.955123	0.0274594	0.0200016	-1.41134
4.1437	-0.77227	0.887191	0.0312417	0.0112785	-1.80131
4.38056	-0.57178	0.804456	0.0324664	-0.000400041	-2.00503
4.60594	-0.398955	0.730754	0.0320621	-0.00168585	-1.79797
4.81259	-0.254968	0.661101	0.0314949	-0.00531259	-2.069
4.99388	-0.140816	0.600113	0.0301547	-0.00780549	-1.73998
5.14397	-0.0540513	0.555649	0.0291804	-0.00597421	-1.84103
5.25804	0.00718267	0.517883	0.0283174	-0.0092266	-1.84783
5.33241	0.0448997	0.497298	0.0276623	-0.00760399	-1.46045
5.36445	0.0606975	0.488198	0.0274297	-0.00741258	-2.0226
5.36445	0.0606975	0.488198	0.0274297	-0.00741258	-2.0226
5.3965	0.0761737	0.477919	0.0271724	-0.00842084	-1.76927
5.47087	0.110919	0.456722	0.0265425	-0.00831354	-1.62203
5.58494	0.161209	0.425001	0.025605	-0.00831523	-1.6277
5.73503	0.221921	0.384447	0.0243227	-0.00862992	-1.53364
5.91632	0.287431	0.338752	0.0227909	-0.00828152	-1.44483
6.12297	0.352297	0.289564	0.0210767	-0.00834764	-1.3585
6.34835	0.411918	0.240341	0.0192223	-0.00799751	-1.23401
6.5852	0.463185	0.193213	0.0173836	-0.0076183	-1.13793
6.82593	0.504353	0.149629	0.0155706	-0.00737371	-1.02334
7.06279	0.535189	0.111444	0.013894	-0.00679394	-0.921165
7.28817	0.55654	0.0785702	0.0123952	-0.00653945	-0.837451
7.49482	0.569939	0.0516513	0.0110824	-0.0061028	-0.746269
7.6761	0.577345	0.0303404	0.0100134	-0.00575448	-0.69126
7.82619	0.58066	0.0140856	0.00916032	-0.00557493	-0.631417
7.94026	0.581616	0.00280864	0.00854213	-0.00526582	-0.592431
8.01464	0.58156	-0.0042788	0.00815372	-0.00520558	-0.580239
8.04668	0.581376	-0.00722045	0.00798739	-0.00515712	-0.549014
8.04668	0.581376	-0.00722045	0.00798739	-0.00515712	-0.549014
8.07873	0.581099	-0.0100613	0.00782372	-0.00506659	-0.547685
8.1531	0.580108	-0.0165279	0.00745161	-0.00494747	-0.528631
8.26717	0.577683	-0.0258756	0.0068976	-0.00475895	-0.491741
8.41726	0.57294	-0.0371487	0.00620323	-0.00449923	-0.448745
8.59854	0.565077	-0.0493397	0.00541339	-0.0042148	-0.398741
8.8052	0.553602	-0.0614016	0.00457697	-0.00388011	-0.344927
9.03057	0.538472	-0.0725246	0.00374138	-0.003541	-0.291819
9.26743	0.520117	-0.082113	0.00294305	-0.00319928	-0.239652
9.50816	0.499382	-0.0898427	0.00221397	-0.00286351	-0.192221
9.74502	0.477377	-0.0956817	0.00157169	-0.00256218	-0.149839
9.9704	0.455328	-0.0997528	0.00102613	-0.00228059	-0.113177
10.177	0.434428	-0.102358	0.000579735	-0.00204422	-0.0834653
10.3583	0.415727	-0.103838	0.000227058	-0.00184581	-0.0589674
10.5084	0.400083	-0.104539	-3.76642e-05	-0.00168408	-0.0409212
10.6225	0.388142	-0.104788	-0.00022332	-0.00157159	-0.0279869
10.6969	0.380347	-0.10482	-0.000337383	-0.00149502	-0.0195358
10.7289	0.376988	-0.104805	-0.000384773	-0.0014634	-0.0169722
10.7289	0.376988	-0.104805	-0.000384773	-0.0014634	-0.0169722
10.761	0.37363	-0.104775	-0.0004312	-0.00143411	-0.0135181
10.8353	0.365842	-0.104639	-0.000535299	-0.00136537	-0.00608623
10.9494	0.353926	-0.104265	-0.000685193	-0.00126367	0.00448398
11.0995	0.338331	-0.10349	-0.000865259	-0.00113689	0.0173957
11.2808	0.319684	-0.102162	-0.00105811	-0.000992273	0.0314464
11.4874	0.298768	-0.100188	-0.00124715	-0.000839485	0.0454768
11.7128	0.276476	-0.0975564	-0.00141888	-0.000686706	0.0585968
11.9497	0.253741	-0.0943404	-0.00156396	-0.000540862	0.0700904
12.1904	0.231464	-0.0906901	-0.00167785	-0.000407815	0.079582
12.4272	0.210438	-0.0868042	-0.00176032	-0.000290753	0.0869853
12.6526	0.191311	-0.0829019	-0.00181443	-0.000191242	0.0924193
12.8593	0.17456	-0.0791967	-0.00184534	-0.000109357	0.096161
13.0406	0.160503	-0.0758779	-0.00185918	-4.44082e-05	0.0985528
13.1906	0.149323	-0.0730991	-0.00186209	5.11449e-06	0.0999875
13.3047	0.141106	-0.0709762	-0.00185946	4.07382e-05	0.100762
13.3791	0.135878	-0.0695898	-0.0018556	6.27986e-05	0.101077
13.4111	0.133658	-0.0689926	-0.00185344	7.18448e-05	0.101154
13.4111	0.133658	-0.0689926	-0.00185344	7.18448e-05	0.101154
13.4432	0.131457	-0.0683959	-0.001851	8.02263e-05	0.101102
13.5176	0.126421	-0.0670137	-0.00184438	9.77321e-05	0.10114
13.6316	0.118898	-0.0648991	-0.00183177	0.000123026	0.101162
13.7817	0.109365	-0.062132	-0.00181095	0.000153985	0.100854
13.963	0.0984019	-0.0588236	-0.00177995	0.000187206	0.100057
14.1697	0.0866305	-0.0551127	-0.00173779	0.00021991	0.0986406
14.395	0.074657	-0.0511576	-0.0016848	0.000249346	0.0965581
14.6319	0.0630203	-0.0471234	-0.00162269	0.000274088	0.0938724
14.8726	0.0521555	-0.0431694	-0.00155432	0.000292853	0.0906817
15.1095	0.0423757	-0.0394368	-0.00148337	0.000305359	0.0872159
15.3348	0.0338733	-0.036039	-0.00141363	0.000312794	0.0836888
15.5415	0.0267358	-0.0330614	-0.00134864	0.000315439	0.0802714
15.7228	0.0209704	-0.0305614	-0.00129153	0.000313939	0.0771647
15.8729	0.0165337	-0.0285728	-0.00124472	0.000309309	0.0745069
15.9869	0.0133581	-0.0271113	-0.00120976	0.000303197	0.0724686
16.0613	0.0113765	-0.0261814	-0.00118739	0.000298287	0.0711834
16.0934	0.0105438	-0.0257861	-0.00117787	0.000296081	0.0706443
16.0934	0.0105438	-0.0257861	-0.00117787	0.000296081	0.0706443
16.1254	0.00972381	-0.025393	-0.0011684	0.000294916	0.0704786
16.1998	0.00786896	-0.0244888	-0.00114646	0.000295444	0.0694773
16.3139	0.00515321	-0.0231338	-0.00111274	0.000295439	0.0675843
16.4639	0.00181119	-0.0214109	-0.00106854	0.000293254	0.0651716
16.6452	-0.00188826	-0.0194194	-0.00101574	0.000288886	0.0622198
16.8519	-0.00567694	-0.0172687	-0.000956809	0.000281125	0.0589002
17.0773	-0.00931771	-0.0150635	-0.000894499	0.000271722	0.0553998
17.3141	-0.0126262	-0.0128991	-0.000831412	0.000260753	0.0518012
17.5548	-0.0154822	-0.0108541	-0.00077004	0.000249246	0.0483193
17.7917	-0.0178292	-0.00898686	-0.000712284	0.000238458	0.045022
18.0171	-0.0196666	-0.0073381	-0.000659683	0.000228481	0.0420287
18.2237	-0.0210358	-0.00593002	-0.000613288	0.000220816	0.039423
18.405	-0.0220049	-0.00477311	-0.000573778	0.000215258	0.0372127
18.5551	-0.0226528	-0.00386799	-0.00054172	0.000212303	0.0354936
18.6692	-0.0230563	-0.00321078	-0.000517564	0.000211347	0.0341831
18.7435	-0.0232796	-0.00279638	-0.000501855	0.000211265	0.033417
18.7756	-0.0233664	-0.00262052	-0.000495075	0.000212038	0.0332425
18.7756	-0.0233664	-0.00262052	-0.000495075	0.000212038	0.0332425
18.8076	-0.0234476	-0.00244673	-0.000488266	0.000212808	0.0326877
18.882	-0.0236148	-0.00205363	-0.00047244	0.000212495	0.0316716
18.9961	-0.0238158	-0.00147478	-0.000448297	0.000210652	0.030242
19.1462	-0.0239827	-0.000757054	-0.000416974	0.00020636	0.028331
19.3275	-0.0240462	4.44971e-05	-0.000380193	0.000199276	0.0261153
19.5341	-0.0239497	0.000874991	-0.0003399	0.000190579	0.0236804
19.7595	-0.0236595	0.00168346	-0.000298088	0.0001804	0.0211316
19.9963	-0.0231704	0.00242982	-0.000256615	0.000169875	0.0186076
20.2371	-0.0225045	0.00308607	-0.00021698	0.000159431	0.0161686
20.4739	-0.0217064	0.00363725	-0.000180394	0.000149663	0.0139275
20.6993	-0.0208353	0.0040806	-0.000147615	0.000141352	0.0119148
20.906	-0.0199557	0.00442167	-0.000119129	0.000134548	0.0101831
21.0872	-0.0191307	0.00467311	-9.51627e-05	0.000130142	0.00876594
21.2373	-0.0184158	0.00484918	-7.58326e-05	0.000127589	0.00762818
21.3514	-0.0178559	0.00496464	-6.13419e-05	0.000126723	0.00683409
21.4258	-0.0174841	0.00503148	-5.19203e-05	0.000126518	0.00620795
21.4578	-0.0173225	0.00505742	-4.78763e-05	0.000125714	0.00577331
21.4578	-0.0173225	0.00505742	-4.78763e-05	0.000125714	0.00577331
21.4899	-0.01716	0.00508118	-4.38724e-05	0.000124099	0.00541923
21.5642	-0.0167802	0.00512987	-3.48165e-05	0.000119306	0.0047395
21.6783	-0.0161915	0.00519038	-2.16268e-05	0.000112177	0.00390084
21.8284	-0.0154079	0.00524714	-5.37207e-06	0.000104666	0.00286179
22.0097	-0.0144529	0.00528219	1.28615e-05	9.6616e-05	0.00165634
22.2163	-0.0133608	0.00528112	3.19914e-05	8.88172e-05	0.000416923
22.4417	-0.0121749	0.00523418	5.11756e-05	8.14577e-05	-0.000869441
22.6786	-0.0109458	0.0051365	6.95602e-05	7.38805e-05	-0.00211344
22.9193	-0.00972586	0.00499173	8.65141e-05	6.70719e-05	-0.00326912
23.1562	-0.00856456	0.00480731	0.000101579	5.99846e-05	-0.0043568
23.3815	-0.00750423	0.00459694	0.000114332	5.33748e-05	-0.00525374
23.5882	-0.00657649	0.00437752	0.000124786	4.76198e-05	-0.006059
23.7695	-0.00580199	0.00416393	0.000132836	4.09563e-05	-0.00674525
23.9196	-0.00519114	0.00397396	0.000138542	3.50063e-05	-0.00725059
24.0336	-0.00474648	0.00382086	0.000142209	2.87934e-05	-0.00775735
24.108	-0.00446616	0.00371716	0.000144164	2.40818e-05	-0.00781592
24.14	-0.00434775	0.00367346	0.000144924	2.36924e-05	-0.00746908
24.14	-0.00434775	0.00367346	0.000144924	2.36924e-05	-0.00746908
24.1721	-0.00423074	0.00362851	0.00014567	2.23156e-05	-0.00818163
24.2465	-0.00396486	0.00352251	0.000147159	1.89389e-05	-0.00782948
24.3605	-0.00357193	0.00336636	0.00014951	2.21651e-05	-0.00795102
24.5106	-0.00308296	0.0031467	0.000152524	1.64464e-05	-0.0086274
24.6919	-0.00253698	0.00287798	0.000155079	1.40124e-05	-0.00847435
24.8986	-0.0019741	0.0025656	0.000157941	1.08263e-05	-0.00921389
25.1239	-0.00143665	0.00220269	0.000158631	-3.87446e-06	-0.00947155
25.3608	-0.000959697	0.00182412	0.000156897	-1.12822e-05	-0.00965447
25.6015	-0.000569055	0.00141634	0.000151319	-3.9178e-05	-0.0104451
25.8384	-0.0002819	0.00101177	0.000138117	-7.06017e-05	-0.0100643
26.0638	-9.6372e-05	0.000631642	0.000118232	-0.000111971	-0.010553
26.2704	-2.62771e-06	0.000281497	8.88673e-05	-0.000170587	-0.00955208
26.4517	2.51492e-05	3.78387e-05	5.53685e-05	-0.000194104	-0.00704591
26.6018	1.91537e-05	-0.000106243	2.56566e-05	-0.000197248	-0.00401951
26.7159	5.33209e-06	-0.000108405	5.9394e-06	-0.000127797	0.00472526
26.7902	2.60056e-07	-2.2335e-05	2.692e-07	-2.33385e-05	0.0070498
26.8223	-6.61845e-18	6.92064e-17	3.73341e-18	-1.55183e-18	-2.75629e-09
