0	-0.233333	-2.66667	1.04717	-2.09433	69.4232	
0.0358417	-0.318851	-2.04685	0.986022	-1.29603	130.857	
0.119026	-0.40458	0.0769565	0.962116	0.702085	173.383	
0.24661	-0.169029	3.41896	1.20071	2.73102	117.331	
0.414481	0.49005	3.36325	1.72476	3.36766	-107.194	
0.617243	0.755012	-0.419083	2.50642	4.31072	-54.7175	
0.848377	0.765339	1.86759	3.26226	0.963549	155.013	
1.10046	2.20002	9.79715	2.60245	-5.24887	200.371	
1.36538	5.65947	14.8595	1.40241	-2.64396	1.60116	
1.63462	9.16312	9.91241	1.07226	-0.768637	-163.752	
1.89954	11.0526	5.32512	0.824798	-0.736791	-43.7385	
2.15162	12.1342	2.74972	0.727718	-0.491628	-107.288	
2.38276	12.2958	-0.921288	0.465016	-1.47025	-43.9422	
2.58552	12.0736	-1.06722	0.273865	-0.401639	-9.7994	
2.75339	11.817	-2.15639	0.183523	-0.826058	-38.3027	
2.88097	11.5327	-2.02317	0.0979305	-0.290508	29.9307	
2.96416	11.3682	-2.14028	0.0826315	-0.288762	-49.92	
3	11.2875	-2.27408	0.0694358	-0.360797	41.8728	
3	11.2875	-2.27408	0.0694358	-0.360797	41.8728	
3.03584	11.2091	-2.13569	0.0605094	-0.173707	8.45906	
3.11903	11.0309	-2.18394	0.0487742	-0.145046	-7.96222	
3.24661	10.7462	-2.24722	0.0308673	-0.109634	0.351367	
3.41448	10.3708	-2.23942	0.0209056	-0.0330175	-2.30742	
3.61724	9.90752	-2.32959	0.0110158	-0.0635164	-2.31222	
3.84838	9.36714	-2.32933	0.000148107	-0.0224317	0.240733	
4.10046	8.77977	-2.34615	-0.00461061	-0.0312703	-1.69907	
4.36538	8.15446	-2.35513	-0.0155794	-0.0361788	0.742605	
4.63462	7.52925	-2.29308	-0.0204511	-0.0097877	0.335393	
4.89954	6.92412	-2.27433	-0.0264919	-0.0341076	0.503306	
5.15162	6.35997	-2.18964	-0.0324694	-0.00718626	2.11025	
5.38276	5.86263	-2.12469	-0.0336563	-0.0136289	0.624977	
5.58552	5.43664	-2.06572	-0.0375825	-0.0146753	2.52875	
5.75339	5.09688	-1.98677	-0.0380275	0.00298658	1.57256	
5.88097	4.84529	-1.95823	-0.0387544	-0.01442	1.44403	
5.96416	4.68392	-1.91628	-0.03963	-0.00198455	3.41718	
6	4.61557	-1.90083	-0.0396175	-0.000480442	0.170141	
6	4.61557	-1.90083	-0.0396175	-0.000480442	0.170141	
6.03584	4.54756	-1.8932	-0.0397674	-0.0064465	1.54439	
6.11903	4.39138	-1.8602	-0.0402844	-0.00467285	2.24993	
6.24661	4.15738	-1.80909	-0.0406988	-0.00309167	1.98162	
6.41448	3.8591	-1.74372	-0.0413204	-0.00350954	2.17331	
6.61724	3.51413	-1.65865	-0.0416655	-8.08634e-05	2.24624	
6.84838	3.14176	-1.56393	-0.0416161	0.000130604	2.20853	
7.10046	2.76071	-1.45856	-0.0413941	0.00220642	2.3255	
7.36538	2.38906	-1.34807	-0.0405088	0.00381679	2.24033	
7.63462	2.04073	-1.23945	-0.0394986	0.00405506	2.24799	
7.89954	1.72655	-1.13283	-0.0381473	0.00602402	2.20542	
8.15162	1.45324	-1.03653	-0.0366292	0.00578164	2.09806	
8.38276	1.22363	-0.950337	-0.0352309	0.00669111	2.09735	
8.58552	1.03843	-0.877322	-0.0337866	0.00714204	1.96549	
8.75339	0.895982	-0.819881	-0.0326374	0.00678517	1.949	
8.88097	0.794168	-0.77631	-0.0317191	0.00759186	1.90646	
8.96416	0.730722	-0.749385	-0.0310968	0.0071992	1.80491	
9	0.704068	-0.737828	-0.0308413	0.00717536	1.91175	
9	0.704068	-0.737828	-0.0308413	0.00717536	1.91175	
9.03584	0.677835	-0.726073	-0.0305787	0.00742358	1.84811	
9.11903	0.618539	-0.6997	-0.0299594	0.00741868	1.79188	
9.24661	0.531798	-0.660212	-0.0290143	0.00744092	1.75432	
9.41448	0.425216	-0.609962	-0.0277545	0.00753222	1.68291	
9.61724	0.307444	-0.552236	-0.0262354	0.00744987	1.60048	
9.84838	0.187063	-0.490057	-0.024516	0.00743177	1.50902	
10.1005	0.0715994	-0.426855	-0.0226582	0.00727593	1.40234	
10.3654	-0.0332467	-0.365506	-0.0207598	0.00707015	1.29793	
10.6346	-0.123837	-0.308284	-0.018882	0.00685627	1.1894	
10.8995	-0.198613	-0.25704	-0.0171077	0.0065369	1.08663	
11.1516	-0.257721	-0.212618	-0.0154929	0.00627918	0.993938	
11.3828	-0.302514	-0.175559	-0.0140743	0.00597834	0.908097	
11.5855	-0.335053	-0.145797	-0.0128903	0.00571458	0.840152	
11.7534	-0.357589	-0.122985	-0.0119468	0.00551565	0.782287	
11.881	-0.372237	-0.106784	-0.0112556	0.00532042	0.740649	
11.9642	-0.380697	-0.096681	-0.0108172	0.00522616	0.716844	
12	-0.384086	-0.0924494	-0.0106306	0.00517993	0.701131	
12	-0.384086	-0.0924494	-0.0106306	0.00517993	0.701131	
12.0358	-0.387325	-0.0882986	-0.010446	0.00512341	0.691828	
12.119	-0.394277	-0.0789106	-0.0100245	0.00501328	0.6672	
12.2466	-0.403462	-0.0652203	-0.00939567	0.00484247	0.628571	
12.4145	-0.412986	-0.0484747	-0.00860199	0.00461463	0.580309	
12.6172	-0.420916	-0.0300729	-0.00769352	0.0043465	0.524572	
12.8484	-0.425664	-0.0114085	-0.00672436	0.00404008	0.464598	
13.1005	-0.426249	0.00633267	-0.00574707	0.00371601	0.403893	
13.3654	-0.422402	0.0222594	-0.00480659	0.00338515	0.344782	
13.6346	-0.414526	0.0358301	-0.00393929	0.0030601	0.289942	
13.8995	-0.403526	0.0468477	-0.00316905	0.0027571	0.240774	
14.1516	-0.390603	0.0553783	-0.00250921	0.00248018	0.198211	
14.3828	-0.377047	0.061689	-0.00196392	0.00224078	0.162857	
14.5855	-0.364071	0.0661427	-0.00152998	0.00204051	0.134319	
14.7534	-0.352709	0.0691277	-0.00120095	0.00188094	0.112631	
14.881	-0.343766	0.0710045	-0.000968377	0.00176553	0.0971556	
14.9642	-0.337815	0.0720544	-0.000824615	0.00169092	0.0874311	
15	-0.335225	0.0724666	-0.000764578	0.00165941	0.0835624	
15	-0.335225	0.0724666	-0.000764578	0.00165941	0.0835624	
15.0358	-0.332621	0.0728556	-0.000705652	0.00162877	0.0795956	
15.119	-0.326526	0.0736698	-0.000573089	0.00155868	0.0706769	
15.2466	-0.317059	0.0746875	-0.000380916	0.00145451	0.0576929	
15.4145	-0.304436	0.0756274	-0.000147843	0.00132339	0.0418109	
15.6172	-0.289033	0.0762089	0.000105156	0.00117374	0.0243882	
15.8484	-0.271405	0.0762117	0.000357846	0.00101483	0.00674899	
16.1005	-0.252267	0.0755149	0.000593263	0.00085534	-0.00997787	
16.3654	-0.232434	0.0741113	0.000799319	0.000702812	-0.0249457	
16.6346	-0.212739	0.0720966	0.000969401	0.000563083	-0.0376547	
16.8995	-0.193955	0.0696414	0.00110195	0.000439904	-0.0479244	
17.1516	-0.176732	0.0669565	0.0011994	0.000335297	-0.0558325	
17.3828	-0.161564	0.0642594	0.00126682	0.000249681	-0.0616428	
17.5855	-0.148787	0.0617494	0.00131051	0.000182401	-0.0657056	
17.7534	-0.138601	0.059593	0.00133684	0.000132188	-0.0683993	
17.881	-0.131105	0.0579174	0.00135145	9.73017e-05	-0.0700739	
17.9642	-0.126333	0.0568113	0.00135866	7.60936e-05	-0.0709969	
18	-0.124305	0.056332	0.00136123	6.73626e-05	-0.0713513	
18	-0.124305	0.056332	0.00136123	6.73626e-05	-0.0713513	
18.0358	-0.122295	0.0558511	0.00136348	5.86747e-05	-0.0717546	
18.119	-0.117696	0.0547289	0.00136752	3.85546e-05	-0.072527	
18.2466	-0.110823	0.0529961	0.00137055	9.30287e-06	-0.0734476	
18.4145	-0.102119	0.0507028	0.0013691	-2.60758e-05	-0.0742961	
18.6172	-0.0921202	0.0479269	0.00135984	-6.44073e-05	-0.0747942	
18.8484	-0.0814072	0.0447765	0.00134046	-0.000102301	-0.0747377	
19.1005	-0.0705489	0.0413831	0.00131013	-0.000137285	-0.0740219	
19.3654	-0.0600501	0.0378919	0.00126962	-0.000167456	-0.0726318	
19.6346	-0.0503141	0.0344475	0.00122112	-0.000191872	-0.0706686	
19.8995	-0.0416238	0.0311809	0.00116771	-0.000210474	-0.0682894	
20.1516	-0.0341422	0.0282003	0.00111291	-0.000223647	-0.0656962	
20.3828	-0.0279285	0.0255858	0.00106015	-0.000232418	-0.0631007	
20.5855	-0.0229648	0.0233905	0.00101244	-0.000237836	-0.0606877	
20.7534	-0.0191857	0.0216448	0.000972232	-0.000241016	-0.0586247	
20.881	-0.0165064	0.0203622	0.00094136	-0.00024285	-0.0570221	
20.9642	-0.0148466	0.0195467	0.000921119	-0.00024378	-0.0559644	
21	-0.0141523	0.0192004	0.000912375	-0.000244152	-0.0555141	
21	-0.0141523	0.0192004	0.000912375	-0.000244152	-0.0555141	
21.0358	-0.0134702	0.0188573	0.000903619	-0.000244372	-0.0550067	
21.119	-0.0119343	0.0180735	0.000883293	-0.000244235	-0.0538935	
21.2466	-0.00970346	0.0169041	0.000852173	-0.000243546	-0.0522166	
21.4145	-0.0069908	0.0154257	0.00081141	-0.000241952	-0.0499883	
21.6172	-0.00403649	0.0137315	0.000762641	-0.000238925	-0.0472963	
21.8484	-0.00107435	0.0119211	0.000707925	-0.000234327	-0.0442409	
22.1005	0.00169694	0.0100914	0.000649632	-0.00022795	-0.0409428	
22.3654	0.00413319	0.00832772	0.000590266	-0.000220054	-0.037549	
22.6346	0.00615232	0.00669745	0.000532211	-0.000211026	-0.0341908	
22.8995	0.00773123	0.00524729	0.000477575	-0.000201348	-0.0309998	
23.1516	0.00889443	0.00400325	0.000428032	-0.000191651	-0.028078	
23.3828	0.00969877	0.00297404	0.000384805	-0.000182313	-0.0255015	
23.5855	0.0102175	0.0021552	0.000348697	-0.000173802	-0.0233288	
23.7534	0.0105265	0.00153437	0.000320135	-0.000166414	-0.0215862	
23.881	0.010694	0.00109597	0.000299276	-0.000160534	-0.0203059	
23.9642	0.0107738	0.000825165	0.000286084	-0.000156631	-0.0194898	
24	0.0108013	0.00071211	0.000280501	-0.000154889	-0.0191321	
24	0.0108013	0.00071211	0.000280501	-0.000154889	-0.0191321	
24.0358	0.0108248	0.000600974	0.000274979	-0.000153344	-0.0188627	
24.119	0.0108643	0.00035048	0.000262351	-0.000150256	-0.0180995	
24.2466	0.0108856	-1.22921e-05	0.000243501	-0.000145231	-0.0169434	
24.4145	0.0108461	-0.000452315	0.000219644	-0.000139091	-0.015506	
24.6172	0.010705	-0.000929056	0.000192183	-0.000131706	-0.0138053	
24.8484	0.0104341	-0.0014032	0.000162707	-0.00012354	-0.0120074	
25.1005	0.0100234	-0.00184218	0.000132565	-0.000115662	-0.0101488	
25.3654	0.00948348	-0.00222029	0.000103017	-0.000107499	-0.00831225	
25.6346	0.008843	-0.0025244	7.50488e-05	-0.000100501	-0.00659535	
25.8995	0.00814282	-0.00274955	4.92708e-05	-9.40484e-05	-0.00496737	
26.1516	0.00742953	-0.00289993	2.63022e-05	-8.84736e-05	-0.00355352	
26.3828	0.00674821	-0.0029875	6.30804e-06	-8.45389e-05	-0.00229673	
26.5855	0.00613804	-0.00302527	-1.04394e-05	-8.06788e-05	-0.00123396	
26.7534	0.00562934	-0.00303176	-2.38007e-05	-7.87973e-05	-0.000450887	
26.881	0.00524305	-0.00302124	-3.37625e-05	-7.70165e-05	0.000273849	
26.9642	0.00499229	-0.00300714	-4.00977e-05	-7.56888e-05	0.000493493	
27	0.00488462	-0.00300145	-4.28283e-05	-7.71015e-05	0.000204496	
27	0.00488462	-0.00300145	-4.28283e-05	-7.71015e-05	0.000204496	
27.0358	0.00477718	-0.00299274	-4.55948e-05	-7.63465e-05	0.00134605	
27.119	0.00452939	-0.00296523	-5.17002e-05	-7.17658e-05	0.00131683	
27.2466	0.00415358	-0.00292429	-6.10958e-05	-7.56119e-05	0.00176785	
27.4145	0.00366921	-0.00284054	-7.3396e-05	-6.89423e-05	0.0030429	
27.6172	0.00310573	-0.00271591	-8.6844e-05	-6.67622e-05	0.00343011	
27.8484	0.00249688	-0.00254307	-0.00010252	-6.552e-05	0.0049037	
28.1005	0.00188612	-0.00229607	-0.000117029	-5.06718e-05	0.005956	
28.3654	0.00131541	-0.00200605	-0.000129901	-4.61174e-05	0.00693443	
28.6346	0.000822094	-0.00164549	-0.000139069	-1.68015e-05	0.00870232	
28.8995	0.000438598	-0.00124756	-0.000138677	1.79016e-05	0.00916432	
29.1516	0.000174482	-0.000837764	-0.000128878	6.83583e-05	0.0106585	
29.3828	2.88834e-05	-0.000423304	-0.000103833	0.000148017	0.0105207	
29.5855	-2.39192e-05	-0.000108979	-6.87651e-05	0.000193887	0.00857461	
29.7534	-2.37531e-05	9.90963e-05	-3.35578e-05	0.000221075	0.00573142	
29.881	-7.10053e-06	0.000126328	-8.01979e-06	0.000152604	-0.00433439	
29.9642	-3.55445e-07	2.72047e-05	-3.69043e-07	2.85478e-05	-0.00761515	
30	-1.00525e-17	1.25113e-16	7.35042e-18	-3.82958e-18	2.71469e-09	
