0	-0.7	-4	-4.16233e-17	-1.04717	29.0064	
0.0233731	-0.792199	-3.8911	-0.0224433	-0.877739	26.2961	
0.0776195	-0.996884	-3.65744	-0.0610273	-0.558342	24.9064	
0.160819	-1.28695	-3.32101	-0.0915779	-0.199779	22.6166	
0.270292	-1.62895	-2.93751	-0.0959671	0.0937214	19.3397	
0.402517	-1.98993	-2.52938	-0.0679004	0.316753	17.4814	
0.553245	-2.33953	-2.1211	-0.00578002	0.498807	14.7878	
0.71763	-2.65638	-1.74134	0.0907547	0.680384	13.1452	
0.89039	-2.92505	-1.37362	0.228857	0.931286	12.1835	
1.06597	-3.13609	-1.0364	0.420714	1.26998	10.9986	
1.23873	-3.28778	-0.717816	0.676912	1.71714	11.4845	
1.40312	-3.38004	-0.405738	1.0009	2.23118	11.471	
1.55385	-3.42159	-0.156916	1.37179	2.67538	9.04283	
1.68607	-3.43202	-0.0171645	1.7453	2.94972	4.5955	
1.79554	-3.43223	-0.0113971	2.07506	3.05786	-3.83734	
1.87874	-3.43758	-0.14116	2.33107	3.09283	-14.3445	
1.93299	-3.44908	-0.284048	2.49905	3.09269	-15.0432	
1.95636	-3.45633	-0.331749	2.57107	3.06499	-8.51003	
1.95636	-3.45633	-0.331749	2.57107	3.06499	-8.51003	
1.97974	-3.46526	-0.451884	2.64284	3.09095	-40.7462	
2.03398	-3.49754	-0.6947	2.81102	3.0594	-15.639	
2.11718	-3.56785	-1.07914	3.05801	2.93529	-48.4206	
2.22665	-3.73662	-1.95781	3.3795	2.83489	-36.4115	
2.35888	-4.03096	-2.46305	3.69651	1.91263	-27.3647	
2.50961	-4.46411	-3.2918	3.91826	1.03594	-27.3226	
2.67399	-5.01662	-3.17085	3.97336	-0.443912	27.3925	
2.84675	-5.4887	-2.24356	3.78435	-1.66329	43.8954	
3.02233	-5.67981	0.73917	3.3151	-4.08439	179.215	
3.19509	-5.0421	6.73417	2.36609	-6.28	200.757	
3.35948	-3.63455	9.47197	1.48295	-3.9071	0.444112	
3.51021	-2.29873	7.84692	1.0834	-1.79551	-100.042	
3.64243	-1.3997	5.84827	0.878636	-1.34987	-76.1311	
3.7519	-0.828716	4.60151	0.750304	-1.03533	-70.0453	
3.8351	-0.486895	3.62136	0.664708	-1.03503	-65.8427	
3.88935	-0.30414	3.15601	0.610651	-0.934878	-42.0406	
3.91272	-0.23242	2.96668	0.589303	-0.905365	-65.3675	
3.91272	-0.23242	2.96668	0.589303	-0.905365	-65.3675	
3.9361	-0.165799	2.74148	0.568021	-0.910404	-53.4989	
3.99034	-0.028839	2.32256	0.51981	-0.861312	-43.3613	
4.07354	0.140763	1.76419	0.451462	-0.787077	-38.8609	
4.18302	0.298361	1.14028	0.369575	-0.706567	-30.6051	
4.31524	0.410009	0.578255	0.283883	-0.588682	-22.3909	
4.46597	0.459674	0.104818	0.204186	-0.473901	-16.4752	
4.63035	0.445616	-0.24778	0.135428	-0.36223	-10.3045	
4.80311	0.381872	-0.472463	0.0823677	-0.257838	-6.48898	
4.9787	0.285232	-0.615178	0.0436372	-0.186972	-3.71917	
5.15146	0.172599	-0.67743	0.0167563	-0.125399	-1.35132	
5.31584	0.0592249	-0.699049	-0.000360179	-0.0874124	-0.619687	
5.46657	-0.0462735	-0.695208	-0.0116782	-0.0617014	0.690892	
5.59879	-0.136741	-0.67279	-0.0182922	-0.040692	0.844692	
5.70827	-0.209449	-0.654477	-0.0223315	-0.0331105	1.22597	
5.79147	-0.262983	-0.631293	-0.0246674	-0.0226527	1.65097	
5.84571	-0.296859	-0.618701	-0.0258013	-0.0203567	1.06514	
5.86909	-0.311259	-0.612903	-0.0262709	-0.0192281	2.06703	
5.86909	-0.311259	-0.612903	-0.0262709	-0.0192281	2.06703	
5.89246	-0.325494	-0.605362	-0.0266862	-0.0165911	1.70665	
5.94671	-0.357917	-0.590196	-0.0274968	-0.0135887	1.59403	
6.02991	-0.406024	-0.565814	-0.0284569	-0.00937775	1.76854	
6.13938	-0.466115	-0.531969	-0.029195	-0.00444489	1.79892	
6.2716	-0.533745	-0.490857	-0.0295123	-0.000527575	1.84184	
6.42233	-0.604127	-0.442975	-0.0292941	0.00327919	1.86759	
6.58672	-0.672707	-0.391711	-0.0285222	0.00581706	1.81138	
6.75948	-0.735844	-0.339424	-0.0273629	0.00758555	1.77486	
6.93506	-0.790906	-0.288266	-0.0259011	0.00888555	1.68331	
7.10782	-0.836586	-0.241025	-0.024327	0.00928527	1.593	
7.2722	-0.872669	-0.198366	-0.0227646	0.00972413	1.51327	
7.42293	-0.89978	-0.161823	-0.0212933	0.00969571	1.40851	
7.55516	-0.919169	-0.131674	-0.020022	0.00959431	1.35027	
7.66463	-0.932268	-0.107884	-0.0189693	0.0095856	1.27501	
7.74783	-0.940529	-0.0908242	-0.0181818	0.0093417	1.22661	
7.80208	-0.94516	-0.0799146	-0.0176761	0.00933504	1.21493	
7.82545	-0.946974	-0.0753238	-0.017458	0.00930446	1.16829	
7.82545	-0.946974	-0.0753238	-0.017458	0.00930446	1.16829	
7.84882	-0.948682	-0.0708377	-0.0172416	0.00922313	1.16953	
7.90307	-0.952244	-0.0605301	-0.0167439	0.00913373	1.1456	
7.98627	-0.956641	-0.0452805	-0.0159901	0.00897393	1.09585	
8.09574	-0.960545	-0.0262374	-0.0150213	0.00872946	1.03759	
8.22797	-0.962572	-0.00468811	-0.0138857	0.00844241	0.967327	
8.37869	-0.961548	0.0179386	-0.0126407	0.00807291	0.889179	
8.54308	-0.956723	0.0403956	-0.0113468	0.00767161	0.809132	
8.71584	-0.947877	0.0616048	-0.0100583	0.00724063	0.727269	
8.89142	-0.935344	0.080772	-0.00882634	0.00679576	0.649769	
9.06418	-0.919919	0.0974419	-0.00768847	0.00637761	0.577355	
9.22857	-0.902731	0.111379	-0.00667331	0.00597314	0.511933	
9.37929	-0.885078	0.122624	-0.00579997	0.00561959	0.456374	
9.51152	-0.868276	0.131345	-0.00507687	0.00531638	0.408978	
9.62099	-0.853538	0.137793	-0.00450867	0.00506697	0.37253	
9.70419	-0.841885	0.142256	-0.00409453	0.00488883	0.34553	
9.75844	-0.834094	0.14496	-0.00383257	0.00476843	0.327754	
9.78181	-0.830693	0.146079	-0.00372171	0.00471826	0.321837	
9.78181	-0.830693	0.146079	-0.00372171	0.00471826	0.321837	
9.80518	-0.827266	0.147172	-0.00361199	0.0046703	0.314073	
9.85943	-0.819216	0.149596	-0.00336175	0.00455579	0.297384	
9.94263	-0.806624	0.153031	-0.00298993	0.00438294	0.27301	
10.0521	-0.789647	0.157045	-0.00252233	0.00416043	0.241998	
10.1843	-0.768601	0.161162	-0.00198968	0.00389781	0.206567	
10.3351	-0.744013	0.164941	-0.00142403	0.0036097	0.168722	
10.4994	-0.716631	0.168027	-0.000855629	0.00330787	0.130351	
10.6722	-0.6874	0.170199	-0.000310482	0.00300592	0.0933	
10.8478	-0.657398	0.17138	0.000191551	0.00271511	0.0587944	
11.0205	-0.627757	0.171622	0.000636976	0.00244413	0.0278929	
11.1849	-0.599579	0.171088	0.00101862	0.0022016	0.00115559	
11.3357	-0.573866	0.170002	0.00133449	0.00199159	-0.0212359	
11.4679	-0.551474	0.168624	0.00158622	0.00181774	-0.0391969	
11.5774	-0.53309	0.167207	0.00177769	0.00168133	-0.0530114	
11.6606	-0.519229	0.165975	0.00191341	0.00158194	-0.0628522	
11.7148	-0.510249	0.165103	0.00199752	0.00151922	-0.0690471	
11.7382	-0.506394	0.164711	0.00203271	0.00149223	-0.0718058	
11.7382	-0.506394	0.164711	0.00203271	0.00149223	-0.0718058	
11.7615	-0.502549	0.164309	0.00206727	0.00146465	-0.0745929	
11.8158	-0.493662	0.163338	0.00214497	0.00140008	-0.0805209	
11.899	-0.480137	0.161755	0.00225742	0.00130386	-0.0889663	
12.0085	-0.462551	0.159512	0.00239348	0.00118282	-0.0993711	
12.1407	-0.441651	0.156578	0.00254062	0.00104416	-0.11081	
12.2914	-0.418319	0.152968	0.00268673	0.000896359	-0.122441	
12.4558	-0.393516	0.148749	0.00282161	0.00074644	-0.133558	
12.6286	-0.368221	0.144043	0.0029378	0.000600682	-0.143577	
12.8041	-0.343367	0.139024	0.00303111	0.000463963	-0.152152	
12.9769	-0.31979	0.133898	0.00310041	0.000340128	-0.159087	
13.1413	-0.29819	0.128884	0.0031473	0.000231857	-0.164433	
13.292	-0.279115	0.124198	0.00317522	0.000139707	-0.168354	
13.4242	-0.262968	0.120036	0.00318865	6.42315e-05	-0.171046	
13.5337	-0.250017	0.116564	0.00319243	5.21558e-06	-0.17281	
13.6169	-0.240429	0.113915	0.00319106	-3.77665e-05	-0.173857	
13.6712	-0.234297	0.112185	0.00318828	-6.48754e-05	-0.174434	
13.6945	-0.231683	0.111439	0.00318662	-7.65119e-05	-0.174711	
13.6945	-0.231683	0.111439	0.00318662	-7.65119e-05	-0.174711	
13.7179	-0.229087	0.110693	0.0031847	-8.77559e-05	-0.174714	
13.7722	-0.22313	0.108962	0.00317928	-0.000111972	-0.174963	
13.8554	-0.214174	0.10631	0.00316847	-0.000147505	-0.175338	
13.9648	-0.202727	0.102825	0.00314988	-0.000191721	-0.17548	
14.0971	-0.189408	0.0986343	0.00312122	-0.00024112	-0.175239	
14.2478	-0.1749	0.0938912	0.00308092	-0.000292802	-0.174421	
14.4122	-0.159887	0.0887757	0.00302855	-0.000343331	-0.172914	
14.5849	-0.145008	0.0834804	0.00296507	-0.000390553	-0.170733	
14.7605	-0.130816	0.0782	0.00289272	-0.000432625	-0.167917	
14.9333	-0.117747	0.0731189	0.00281481	-0.000468459	-0.164652	
15.0977	-0.106116	0.0684007	0.0027353	-0.000498228	-0.161141	
15.2484	-0.0961258	0.0641826	0.00265837	-0.000522064	-0.157614	
15.3806	-0.0878789	0.0605723	0.00258808	-0.000540807	-0.15432	
15.4901	-0.0814084	0.0576497	0.00252809	-0.0005549	-0.151441	
15.5733	-0.0767029	0.05547	0.00248151	-0.000564847	-0.149193	
15.6275	-0.0737319	0.0540687	0.0024507	-0.000570922	-0.147628	
15.6509	-0.0724752	0.0534701	0.00243733	-0.000573108	-0.14685	
15.6509	-0.0724752	0.0534701	0.00243733	-0.000573108	-0.14685	
15.6743	-0.0712324	0.0528752	0.00242391	-0.000574629	-0.146014	
15.7285	-0.0684013	0.0515067	0.00239267	-0.000577317	-0.144431	
15.8117	-0.0642022	0.049439	0.00234445	-0.000581852	-0.142016	
15.9212	-0.0589363	0.0467778	0.00228046	-0.000587099	-0.138715	
16.0534	-0.0529587	0.0436538	0.00220243	-0.000593197	-0.13474	
16.2041	-0.0466397	0.0402144	0.00211251	-0.000599624	-0.130033	
16.3685	-0.0403271	0.0366147	0.00201349	-0.000604922	-0.124822	
16.5413	-0.0343161	0.0330025	0.00190855	-0.000609763	-0.119229	
16.7169	-0.0288304	0.0295148	0.00180124	-0.000612168	-0.113394	
16.8896	-0.0240148	0.0262635	0.00169535	-0.000613773	-0.107681	
17.054	-0.0199403	0.0233368	0.00159437	-0.000614333	-0.102067	
17.2047	-0.0166158	0.0207988	0.0015019	-0.000612523	-0.0969233	
17.337	-0.0140066	0.0186852	0.00142099	-0.000611085	-0.092399	
17.4464	-0.012053	0.0170173	0.00135426	-0.000607671	-0.0884923	
17.5296	-0.0106882	0.0157981	0.00130382	-0.000605268	-0.0858356	
17.5839	-0.00985227	0.015025	0.001271	-0.000604094	-0.0836178	
17.6073	-0.0095049	0.0147001	0.00125691	-0.000600937	-0.0818748	
17.6073	-0.0095049	0.0147001	0.00125691	-0.000600937	-0.0818748	
17.6306	-0.00916511	0.0143745	0.00124288	-0.000601816	-0.0835783	
17.6849	-0.00840581	0.0136245	0.00120996	-0.000609851	-0.0808763	
17.7681	-0.00731834	0.0125238	0.00115937	-0.000606197	-0.0778407	
17.8776	-0.00602463	0.0111198	0.00109246	-0.000619185	-0.0752118	
18.0098	-0.00466116	0.00952581	0.00100988	-0.000625149	-0.0694784	
18.1605	-0.00335372	0.00783997	0.000915625	-0.000630963	-0.0653864	
18.3249	-0.00220763	0.00613218	0.000809487	-0.000658452	-0.0594251	
18.4976	-0.00128885	0.00453603	0.000694947	-0.000667605	-0.053013	
18.6732	-0.000623105	0.00307198	0.00057461	-0.000709495	-0.0479208	
18.846	-0.00020324	0.00182953	0.000448668	-0.000740711	-0.0396227	
19.0104	1.48913e-05	0.000851094	0.000325813	-0.000758987	-0.0336192	
19.1611	8.5549e-05	0.000126161	0.00020963	-0.000770434	-0.0240069	
19.2933	7.4284e-05	-0.000252074	0.000112863	-0.000675353	-0.0118947	
19.4028	3.80148e-05	-0.000380943	4.59679e-05	-0.000535874	-0.00139309	
19.486	9.06638e-06	-0.000265268	9.8028e-06	-0.000297348	0.0200541	
19.5402	4.15475e-07	-4.93119e-05	4.27204e-07	-5.10418e-05	0.0217578	
19.5636	2.29511e-19	-7.595e-17	-5.09675e-18	2.21588e-18	-1.11227e-08	
