0	3.27225e-16	4	2.09433	-2.09433	86.0141	
0.0358417	0.143034	3.80888	2.02812	-1.52618	-97.1261	
0.119026	0.407789	2.7425	1.96551	-0.118795	-31.9427	
0.24661	0.731033	2.22944	2.02518	1.03229	-50.6966	
0.414481	0.948419	0.377678	2.33987	2.59793	-49.6911	
0.617243	0.941904	-0.246215	2.89843	2.63425	-16.9192	
0.848377	0.727583	-1.76796	3.4679	2.25756	-35.3084	
1.10046	0.399607	0.555553	3.68942	-1.38794	157.044	
1.36538	1.62789	8.77164	2.59695	-5.86194	170.408	
1.63462	4.60815	11.8811	1.3169	-2.79446	-28.0369	
1.89954	7.31255	7.88408	0.939747	-0.885349	-118.173	
2.15162	8.7843	4.33488	0.678784	-0.966931	-45.8581	
2.38276	9.61658	2.80131	0.533534	-0.473748	-53.2371	
2.58552	9.99143	0.999764	0.392402	-0.842717	-34.5412	
2.75339	10.1195	0.648874	0.290685	-0.327061	-11.3339	
2.88097	10.1688	0.0175832	0.244963	-0.491129	-35.4409	
2.96416	10.1601	-0.0919527	0.206875	-0.30418	16.7768	
3	10.1577	-0.0962395	0.198578	-0.215545	-42.0999	
3	10.1577	-0.0962395	0.198578	-0.215545	-42.0999	
3.03584	10.1508	-0.267461	0.189104	-0.290669	-19.4914	
3.11903	10.1216	-0.40997	0.166855	-0.225412	-7.58438	
3.24661	10.0575	-0.60973	0.143459	-0.165708	-11.6661	
3.41448	9.9302	-0.889681	0.115754	-0.154947	-8.19839	
3.61724	9.72742	-1.10028	0.0910178	-0.0932079	-6.27791	
3.84838	9.44563	-1.33845	0.0705629	-0.0917545	-6.26027	
4.10046	9.0828	-1.51899	0.0493609	-0.0670026	-3.37693	
4.36538	8.66376	-1.64702	0.0355731	-0.0478997	-3.56882	
4.63462	8.20243	-1.76869	0.0210098	-0.0545829	-2.15564	
4.89954	7.72722	-1.8116	0.0101012	-0.0286171	-1.17401	
5.15162	7.26504	-1.85808	0.00229513	-0.0379366	-1.45287	
5.38276	6.83339	-1.86529	-0.00604737	-0.0269755	0.241614	
5.58552	6.45697	-1.85274	-0.0100473	-0.0196618	-0.545209	
5.75339	6.14556	-1.85286	-0.0143805	-0.0278821	0.408146	
5.88097	5.9108	-1.82573	-0.0170089	-0.0132448	0.747398	
5.96416	5.75922	-1.82201	-0.0182723	-0.0204819	-0.528043	
6	5.69395	-1.81818	-0.0190565	-0.0210623	1.80731	
6	5.69395	-1.81818	-0.0190565	-0.0210623	1.80731	
6.03584	5.62897	-1.80847	-0.0197089	-0.016337	0.912024	
6.11903	5.47911	-1.79532	-0.0210241	-0.0161836	0.559156	
6.24661	5.25145	-1.77221	-0.0230732	-0.015044	0.940312	
6.41448	4.95703	-1.73519	-0.025279	-0.0118118	1.02916	
6.61724	4.60989	-1.68798	-0.0275851	-0.0108496	1.20246	
6.84838	4.2268	-1.62548	-0.0297316	-0.00752527	1.43073	
7.10046	3.82621	-1.55244	-0.0313296	-0.00563167	1.51124	
7.36538	3.42557	-1.47093	-0.0326192	-0.00372193	1.68355	
7.63462	3.04132	-1.38313	-0.0332453	-0.00125686	1.74104	
7.89954	2.68638	-1.29626	-0.0334729	-0.000439442	1.78796	
8.15162	2.37028	-1.21137	-0.0333572	0.00147106	1.84395	
8.38276	2.09924	-1.13433	-0.0329013	0.00217573	1.80191	
8.58552	1.87601	-1.06739	-0.0324179	0.00285305	1.83887	
8.75339	1.7015	-1.01199	-0.0318444	0.00379628	1.79405	
8.88097	1.57499	-0.971253	-0.0313667	0.00369484	1.77558	
8.96416	1.49531	-0.944372	-0.0310415	0.00424077	1.8124	
9	1.46167	-0.932942	-0.0308857	0.00436659	1.72254	
9	1.46167	-0.932942	-0.0308857	0.00436659	1.72254	
9.03584	1.42843	-0.921763	-0.0307311	0.00429649	1.75097	
9.11903	1.35284	-0.89563	-0.0303657	0.00451917	1.75284	
9.24661	1.2411	-0.856108	-0.0297688	0.00480118	1.71935	
9.41448	1.10167	-0.805275	-0.028942	0.00506113	1.68582	
9.61724	0.944482	-0.745538	-0.0278787	0.0054109	1.63674	
9.84838	0.779783	-0.680086	-0.0265992	0.00563845	1.57278	
10.1005	0.617005	-0.611966	-0.0251512	0.005851	1.5023	
10.3654	0.463943	-0.544265	-0.0235805	0.00597606	1.41903	
10.6346	0.326184	-0.479734	-0.0219691	0.00599177	1.33424	
10.8995	0.207044	-0.420408	-0.0203805	0.00598802	1.24822	
11.1516	0.107765	-0.367919	-0.018883	0.0058799	1.16443	
11.3828	0.0279659	-0.323094	-0.0175368	0.00577251	1.09061	
11.5855	-0.033779	-0.286355	-0.016378	0.00564403	1.02333	
11.7534	-0.0794278	-0.257763	-0.0154427	0.00550233	0.970746	
11.881	-0.110985	-0.237074	-0.0147463	0.00541165	0.930588	
11.9642	-0.130163	-0.224097	-0.0142995	0.00532555	0.903048	
12	-0.138097	-0.21862	-0.0141093	0.00529245	0.895276	
12	-0.138097	-0.21862	-0.0141093	0.00529245	0.895276	
12.0358	-0.145835	-0.213204	-0.0139201	0.00526751	0.883336	
12.119	-0.163056	-0.200912	-0.0134848	0.00519679	0.857676	
12.2466	-0.187523	-0.182778	-0.0128289	0.00508466	0.819679	
12.4145	-0.216293	-0.160221	-0.0119882	0.00492874	0.770226	
12.6172	-0.246177	-0.1349	-0.0110092	0.00472673	0.712425	
12.8484	-0.274257	-0.108498	-0.00994392	0.00448983	0.649093	
13.1005	-0.298277	-0.0825628	-0.00884571	0.00422206	0.583163	
13.3654	-0.316874	-0.0583399	-0.00776485	0.00393812	0.517887	
13.6346	-0.329605	-0.036706	-0.00674329	0.00364988	0.455546	
13.8995	-0.336814	-0.0181581	-0.00581391	0.00336734	0.398406	
14.1516	-0.339415	-0.00284416	-0.00499823	0.00310534	0.347874	
14.3828	-0.338632	0.00934092	-0.00430782	0.00286954	0.304713	
14.5855	-0.335771	0.0186748	-0.0037464	0.0026698	0.269533	
14.7534	-0.332051	0.025509	-0.00331163	0.00251071	0.242085	
14.881	-0.328493	0.0301923	-0.00299883	0.00239353	0.222368	
14.9642	-0.325863	0.0330201	-0.00280279	0.00231983	0.209865	
15	-0.324659	0.0341836	-0.00272023	0.0022871	0.204218	
15	-0.324659	0.0341836	-0.00272023	0.0022871	0.204218	
15.0358	-0.323413	0.0353133	-0.00263887	0.00225276	0.198826	
15.119	-0.32037	0.0378132	-0.00245482	0.00217243	0.186895	
15.2466	-0.315318	0.041332	-0.00218531	0.00205343	0.169592	
15.4145	-0.308028	0.045413	-0.00185313	0.00190553	0.14813	
15.6172	-0.298385	0.0495658	-0.00148405	0.00173674	0.124092	
15.8484	-0.286473	0.0533505	-0.00110373	0.00155614	0.0991152	
16.1005	-0.272614	0.0564385	-0.000734965	0.00137166	0.0746134	
16.3654	-0.257348	0.0586453	-0.000395811	0.00119112	0.0518213	
16.6346	-0.241364	0.0599341	-9.81742e-05	0.00102212	0.0315477	
16.8995	-0.22541	0.0603888	0.00015207	0.000869288	0.0142306	
17.1516	-0.210201	0.0601784	0.000354216	0.000736672	3.01728e-05	
17.3828	-0.196361	0.0595132	0.00051146	0.00062542	-0.0112584	
17.5855	-0.184381	0.058609	0.00062897	0.000534779	-0.0198771	
17.7534	-0.174619	0.0576637	0.000712807	0.000464697	-0.0261829	
17.881	-0.167314	0.0568387	0.00076879	0.000412976	-0.0305734	
17.9642	-0.16261	0.0562566	0.000801776	0.000380623	-0.0329936	
18	-0.160598	0.0559973	0.000815194	0.000368469	-0.0337375	
18	-0.160598	0.0559973	0.000815194	0.000368469	-0.0337375	
18.0358	-0.158596	0.0557339	0.00082821	0.00035799	-0.0345731	
18.119	-0.153985	0.0551037	0.000857054	0.000335691	-0.0367332	
18.2466	-0.14702	0.0540833	0.000897696	0.000301141	-0.0400474	
18.4145	-0.13806	0.0526486	0.000944339	0.000254642	-0.0439259	
18.6172	-0.12757	0.0507971	0.000990431	0.000200495	-0.0479089	
18.8484	-0.116086	0.0485575	0.00103001	0.000142846	-0.0515928	
19.1005	-0.104166	0.0459977	0.00105878	8.67077e-05	-0.0546083	
19.3654	-0.0923467	0.0432184	0.00107482	3.55321e-05	-0.0568318	
19.6346	-0.081097	0.04034	0.00107818	-9.35303e-06	-0.0582058	
19.8995	-0.0707874	0.0374913	0.00107065	-4.63733e-05	-0.058792	
20.1516	-0.0616773	0.034792	0.00105511	-7.614e-05	-0.0587801	
20.3828	-0.0539191	0.0323461	0.00103479	-9.87734e-05	-0.0582879	
20.5855	-0.047575	0.0302364	0.00101313	-0.000114264	-0.0575497	
20.7534	-0.0426436	0.028521	0.000993062	-0.000124332	-0.0567419	
20.881	-0.0390868	0.0272403	0.000976857	-0.000129187	-0.055962	
20.9642	-0.0368551	0.0264163	0.000966016	-0.000131661	-0.0556122	
21	-0.0359146	0.0260626	0.000961263	-0.000133826	-0.0556682	
21	-0.0359146	0.0260626	0.000961263	-0.000133826	-0.0556682	
21.0358	-0.0349869	0.0257091	0.000956407	-0.000137288	-0.0556506	
21.119	-0.0328823	0.0248927	0.0009446	-0.000146582	-0.0552675	
21.2466	-0.0297853	0.0236585	0.000925097	-0.000158498	-0.0543533	
21.4145	-0.0259475	0.0220728	0.00089752	-0.000169392	-0.0530436	
21.6172	-0.0216611	0.0202184	0.00086218	-0.000178595	-0.0513246	
21.8484	-0.017224	0.0181912	0.000820076	-0.000185144	-0.0492047	
22.1005	-0.0129057	0.0160898	0.000772808	-0.000189574	-0.0467958	
22.3654	-0.0089219	0.0140079	0.000722188	-0.000192188	-0.0441428	
22.6346	-0.00541991	0.0120284	0.000670344	-0.000192632	-0.0413727	
22.8995	-0.00247644	0.0102155	0.00061939	-0.00019187	-0.0386175	
23.1516	-0.000105581	0.00861519	0.000571243	-0.000189907	-0.0359624	
23.3828	0.00172642	0.00725372	0.000527624	-0.000187582	-0.0335658	
23.5855	0.0030831	0.00614087	0.000489752	-0.000186052	-0.031485	
23.7534	0.00404071	0.0052765	0.000458606	-0.000185133	-0.0297862	
23.881	0.00467382	0.00465279	0.000434975	-0.000185556	-0.0285548	
23.9642	0.0050445	0.00426175	0.000419513	-0.000186	-0.0276221	
24	0.00519431	0.00409797	0.000412855	-0.000185378	-0.0270747	
24	0.00519431	0.00409797	0.000412855	-0.000185378	-0.0270747	
24.0358	0.0053383	0.00393749	0.000406236	-0.000183883	-0.0265849	
24.119	0.0056507	0.0035758	0.000391129	-0.000179207	-0.0256071	
24.2466	0.00607282	0.00304614	0.000368711	-0.00017253	-0.0243279	
24.4145	0.00652858	0.00239173	0.00034031	-0.000166101	-0.0226926	
24.6172	0.0069387	0.0016651	0.000307336	-0.000159212	-0.0207415	
24.8484	0.00723562	0.000918236	0.000271348	-0.000152443	-0.0186374	
25.1005	0.00737432	0.000198535	0.000233761	-0.00014568	-0.0163826	
25.3654	0.00733815	-0.000454432	0.000196182	-0.000138077	-0.0141201	
25.6346	0.0071379	-0.00101644	0.000159926	-0.000131394	-0.0119471	
25.8995	0.00680604	-0.00147332	0.000125997	-0.000124609	-0.00985561	
26.1516	0.00638878	-0.00182417	9.53881e-05	-0.000118513	-0.00800767	
26.3828	0.00593654	-0.00207827	6.85425e-05	-0.000113656	-0.00633488	
26.5855	0.0054971	-0.00224834	4.60251e-05	-0.000108417	-0.00491551	
26.7534	0.00511031	-0.00235491	2.81234e-05	-0.000105055	-0.00383136	
26.881	0.00480585	-0.00241438	1.49174e-05	-0.000101501	-0.00286495	
26.9642	0.00460377	-0.00244344	6.5977e-06	-9.90143e-05	-0.00255844	
27	0.00451597	-0.00245615	3.03466e-06	-0.000100299	-0.00286804	
27	0.00451597	-0.00245615	3.03466e-06	-0.000100299	-0.00286804	
27.0358	0.00442774	-0.00246578	-5.64957e-07	-9.96367e-05	-0.00168233	
27.119	0.00422204	-0.00247992	-8.62271e-06	-9.54649e-05	-0.00162906	
27.2466	0.00390422	-0.00249995	-2.10881e-05	-9.99427e-05	-0.000990839	
27.4145	0.00348481	-0.00248975	-3.74743e-05	-9.31767e-05	0.00054302	
27.6172	0.00298422	-0.00244474	-5.58069e-05	-9.074e-05	0.0012099	
27.8484	0.00242873	-0.00235026	-7.69622e-05	-8.87964e-05	0.00303404	
28.1005	0.00185738	-0.00217368	-9.71758e-05	-7.27167e-05	0.00443076	
28.3654	0.00131097	-0.00194236	-0.000115764	-6.71452e-05	0.005771	
28.6346	0.000828689	-0.00162427	-0.000130312	-3.54896e-05	0.00792718	
28.8995	0.000447035	-0.00125249	-0.00013448	2.21702e-06	0.00872074	
29.1516	0.000179994	-0.000853606	-0.000128137	5.71311e-05	0.0105658	
29.3828	3.07671e-05	-0.00043732	-0.000104975	0.000143105	0.0106737	
29.5855	-2.42059e-05	-0.000115682	-7.03322e-05	0.000194631	0.00885659	
29.7534	-2.44601e-05	0.000100823	-3.45846e-05	0.000226574	0.00601053	
29.881	-7.34433e-06	0.000130496	-8.29566e-06	0.000157677	-0.00444039	
29.9642	-3.68196e-07	2.81756e-05	-3.82283e-07	2.95669e-05	-0.0078835	
30	4.3781e-18	-4.47402e-17	-2.52292e-18	1.1759e-18	2.81329e-09	
