0	0.233333	-1.03227e-15	4.4366e-17	-2.09433	97.9164	
0.0358417	0.249434	1.00581	-0.0557541	-0.931763	210.937	
0.119026	0.446114	3.52407	-0.0221508	1.45243	135.931	
0.24661	1.03497	5.57541	0.266056	2.90296	94.1592	
0.414481	2.18653	7.94583	0.865709	4.00892	50.023	
0.617243	3.73595	6.3103	1.65817	3.80612	-128.057	
0.848377	4.63071	1.98953	2.63802	4.60924	-45.5483	
1.10046	5.30363	4.87798	3.40658	0.173289	170.49	
1.36538	7.71816	13.3601	2.54294	-5.39917	176.569	
1.63462	11.9338	16.2449	1.37985	-2.43122	-50.7435	
1.89954	15.6224	10.9619	1.0531	-0.785145	-140.291	
2.15162	17.7927	6.8491	0.841931	-0.710544	-61.7418	
2.38276	19.0979	4.27514	0.720591	-0.552288	-83.8693	
2.58552	19.6921	1.80187	0.558575	-0.913845	-47.0992	
2.75339	19.9211	1.01708	0.440803	-0.483633	-28.8953	
2.88097	20	0.16808	0.375547	-0.594655	-39.5585	
2.96416	20	-0.0635503	0.330547	-0.402225	1.15029	
3	19.9972	-0.131755	0.318297	-0.321466	-40.9488	
3	19.9972	-0.131755	0.318297	-0.321466	-40.9488	
3.03584	19.9889	-0.317293	0.305882	-0.356525	-24.8931	
3.11903	19.9514	-0.564735	0.278783	-0.284023	-16.1074	
3.24661	19.8573	-0.920263	0.248018	-0.217794	-18.4285	
3.41448	19.6627	-1.38235	0.212936	-0.196055	-15.2699	
3.61724	19.3367	-1.81974	0.178626	-0.145889	-12.8753	
3.84838	18.8628	-2.27419	0.146319	-0.13966	-11.7585	
4.10046	18.2373	-2.66489	0.113038	-0.117478	-8.51178	
4.36538	17.4889	-2.97807	0.0855743	-0.0975405	-7.49967	
4.63462	16.6495	-3.24171	0.0588538	-0.0969204	-5.43976	
4.89954	15.7681	-3.39979	0.0366025	-0.0713868	-3.73511	
5.15162	14.8957	-3.51853	0.0188965	-0.0729416	-3.19933	
5.38276	14.0745	-3.57364	0.00286167	-0.059991	-1.21749	
5.58552	13.3487	-3.58717	-0.00768182	-0.0497177	-1.32858	
5.75339	12.7454	-3.59533	-0.0165995	-0.0533826	-0.210661	
5.88097	12.288	-3.57274	-0.0225112	-0.0391181	0.359409	
5.96416	11.9911	-3.5665	-0.0258314	-0.0435245	-0.549106	
6	11.8634	-3.56141	-0.0274225	-0.0434329	1.44859	
6	11.8634	-3.56141	-0.0274225	-0.0434329	1.44859	
6.03584	11.7359	-3.55106	-0.0288838	-0.0389292	0.776286	
6.11903	11.4413	-3.53332	-0.0320279	-0.037411	0.632602	
6.24661	10.9925	-3.50001	-0.0366553	-0.0344058	1.15829	
6.41448	10.4095	-3.4445	-0.0419487	-0.0291605	1.48503	
6.61724	9.71869	-3.36696	-0.047489	-0.025455	1.89872	
6.84838	8.95232	-3.26171	-0.0527174	-0.0196711	2.35124	
7.10046	8.14609	-3.13311	-0.0570455	-0.0151169	2.65677	
7.36538	7.33535	-2.98523	-0.060504	-0.0107331	3.00042	
7.63462	6.55315	-2.82376	-0.0627374	-0.00618323	3.20494	
7.89954	5.82673	-2.65951	-0.0639958	-0.00334784	3.3571	
8.15162	5.17656	-2.49831	-0.0644208	2.96338e-05	3.47789	
8.38276	4.61631	-2.34966	-0.0641482	0.00204845	3.48533	
8.58552	4.15309	-2.21933	-0.0635839	0.00371138	3.53563	
8.75339	3.7896	-2.11148	-0.0628126	0.00531186	3.50367	
8.88097	3.52536	-2.03086	-0.062104	0.00579051	3.4856	
8.96416	3.35861	-1.97819	-0.0615932	0.00658288	3.51214	
9	3.28812	-1.95566	-0.0613516	0.00682994	3.43554	
9	3.28812	-1.95566	-0.0613516	0.00682994	3.43554	
9.03584	3.21842	-1.93338	-0.0611059	0.00691054	3.45583	
9.11903	3.05975	-1.88163	-0.0605116	0.00740003	3.44948	
9.24661	2.82471	-1.80311	-0.0595224	0.00806798	3.40611	
9.41448	2.53056	-1.70164	-0.0581075	0.0087864	3.35157	
9.61724	2.19772	-1.58196	-0.0562412	0.00959471	3.27117	
9.84838	1.84742	-1.45005	-0.0539414	0.0102677	3.16352	
10.1005	1.49942	-1.31206	-0.0512779	0.0108451	3.03639	
10.3654	1.17026	-1.17417	-0.0483449	0.0112541	2.88731	
10.6346	0.872098	-1.04195	-0.0452837	0.0114638	2.72884	
10.8995	0.612419	-0.919819	-0.0422313	0.0115552	2.56651	
11.1516	0.394405	-0.811141	-0.0393246	0.0114838	2.40777	
11.3828	0.217813	-0.717925	-0.0366851	0.0113506	2.26327	
11.5855	0.0801035	-0.6412	-0.0344004	0.0111692	2.13445	
11.7534	-0.022458	-0.581232	-0.0325422	0.0109678	2.03026	
11.881	-0.0938205	-0.53775	-0.0311525	0.0108136	1.95122	
11.9642	-0.13741	-0.510389	-0.0302581	0.010687	1.89881	
12	-0.155495	-0.498831	-0.029876	0.0106337	1.87928	
12	-0.155495	-0.498831	-0.029876	0.0106337	1.87928	
12.0358	-0.173169	-0.487409	-0.0294957	0.010585	1.8566	
12.119	-0.212629	-0.461444	-0.0286204	0.0104585	1.80594	
12.2466	-0.269035	-0.423062	-0.0272989	0.0102558	1.72985	
12.4145	-0.335994	-0.375178	-0.0256008	0.00997198	1.63106	
12.6172	-0.406524	-0.321214	-0.0236158	0.009604	1.51493	
12.8484	-0.474135	-0.264688	-0.0214465	0.00916396	1.38701	
13.1005	-0.533695	-0.20885	-0.0191993	0.00866137	1.25328	
13.3654	-0.581936	-0.156369	-0.0169763	0.00811985	1.12	
13.6346	-0.617548	-0.109163	-0.0148649	0.00756315	0.99221	
13.8995	-0.640944	-0.0683664	-0.0129341	0.00701387	0.874422	
14.1516	-0.6538	-0.0343932	-0.0112312	0.00649876	0.769734	
14.3828	-0.658528	-0.00711106	-0.00978303	0.00603326	0.679952	
14.5855	-0.657788	0.0139815	-0.00860037	0.00563419	0.606257	
14.7534	-0.65411	0.029562	-0.0076817	0.0053117	0.548566	
14.881	-0.649643	0.0403222	-0.00701947	0.00507002	0.506792	
14.9642	-0.646014	0.0468581	-0.00660416	0.00491567	0.480593	
15	-0.644286	0.0495606	-0.00642916	0.00484974	0.469405	
15	-0.644286	0.0495606	-0.00642916	0.00484974	0.469405	
15.0358	-0.642462	0.0521959	-0.00625651	0.00478416	0.458553	
15.119	-0.637874	0.0580596	-0.00586479	0.00463457	0.433713	
15.2466	-0.629927	0.0663841	-0.00528792	0.00440915	0.396898	
15.4145	-0.617944	0.0761602	-0.00457215	0.00411989	0.351014	
15.6172	-0.601445	0.0862964	-0.00377119	0.00378299	0.299332	
15.8484	-0.580361	0.095793	-0.00293958	0.00341602	0.245239	
16.1005	-0.555147	0.103881	-0.00212663	0.00303778	0.191876	
16.3654	-0.526754	0.110098	-0.00137175	0.00266548	0.141776	
16.6346	-0.496501	0.114297	-0.000702045	0.00231365	0.0967865	
16.8995	-0.465878	0.116605	-0.000132055	0.00199376	0.0579707	
17.1516	-0.436364	0.117339	0.000334663	0.00171302	0.0257055	
17.3828	-0.409272	0.116926	0.000702818	0.00147588	-0.000129771	
17.5855	-0.385665	0.11582	0.000982362	0.00128399	-0.0200445	
17.7534	-0.366332	0.114444	0.0011854	0.00113678	-0.0346853	
17.881	-0.351812	0.113149	0.00132371	0.0010326	-0.0447446	
17.9642	-0.342438	0.112199	0.00140691	0.000968048	-0.0509016	
18	-0.338425	0.111766	0.00144111	0.000940715	-0.0534996	
18	-0.338425	0.111766	0.00144111	0.000940715	-0.0534996	
18.0358	-0.334427	0.111317	0.00147434	0.000913002	-0.0561826	
18.119	-0.325212	0.110221	0.00154758	0.000848107	-0.0618678	
18.2466	-0.311264	0.108406	0.00164964	0.000752788	-0.069717	
18.4145	-0.293281	0.105797	0.00176609	0.000636107	-0.0789297	
18.6172	-0.272174	0.102356	0.00188171	0.000506381	-0.0884381	
18.8484	-0.249	0.0981189	0.00198307	0.00037316	-0.0972702	
19.1005	-0.22488	0.0932014	0.0020605	0.00024377	-0.104748	
19.3654	-0.200901	0.0877963	0.00210888	0.000124241	-0.110391	
19.6346	-0.17802	0.0821486	0.00212785	1.93314e-05	-0.114084	
19.8995	-0.157001	0.0765215	0.00212092	-6.93064e-05	-0.115969	
20.1516	-0.138387	0.0711675	0.00209418	-0.000140804	-0.116337	
20.3828	-0.122501	0.0663036	0.00205504	-0.000196451	-0.115663	
20.5855	-0.109485	0.0620997	0.00201082	-0.000238865	-0.114377	
20.7534	-0.0993483	0.0586782	0.00196806	-0.000270037	-0.112898	
20.881	-0.0920256	0.0561193	0.00193217	-0.000292456	-0.111588	
20.9642	-0.0874259	0.0544724	0.00190726	-0.000306262	-0.110521	
21	-0.0854862	0.0537692	0.00189619	-0.00031131	-0.109917	
21	-0.0854862	0.0537692	0.00189619	-0.00031131	-0.109917	
21.0358	-0.0835715	0.0530707	0.00188496	-0.000315042	-0.109206	
21.119	-0.0792237	0.0514664	0.00185849	-0.000321044	-0.107906	
21.2466	-0.0728124	0.049046	0.00181696	-0.000330131	-0.106081	
21.4145	-0.0648412	0.0459362	0.00176049	-0.000342494	-0.103465	
21.6172	-0.0558979	0.0423013	0.00168969	-0.000355505	-0.100066	
21.8484	-0.0465834	0.0383274	0.00160606	-0.000367588	-0.0959178	
22.1005	-0.0374457	0.0342103	0.00151223	-0.000375984	-0.0910816	
22.3654	-0.0289281	0.0301362	0.00141203	-0.000379725	-0.0857991	
22.6346	-0.0213412	0.0262662	0.00130977	-0.000379058	-0.0802739	
22.8995	-0.0148574	0.0227276	0.00120995	-0.0003739	-0.0747663	
23.1516	-0.00952656	0.0196071	0.00111666	-0.000365697	-0.0695373	
23.3828	-0.00530498	0.0169553	0.00103331	-0.000354905	-0.0647479	
23.5855	-0.00208898	0.0147918	0.000962589	-0.000342203	-0.060599	
23.7534	0.000251847	0.0131136	0.000906203	-0.000329085	-0.0571968	
23.881	0.00184727	0.0119059	0.000864983	-0.00031669	-0.0546306	
23.9642	0.00280602	0.0111491	0.000839007	-0.000307885	-0.0530862	
24	0.00319988	0.0108297	0.000828035	-0.000304464	-0.0525138	
24	0.00319988	0.0108297	0.000828035	-0.000304464	-0.0525138	
24.0358	0.00358236	0.0105131	0.000817166	-0.000302307	-0.052166	
24.119	0.00442672	0.00979115	0.000792127	-0.000299821	-0.0508158	
24.2466	0.00560739	0.00872554	0.000754171	-0.000294909	-0.048578	
24.4145	0.00695958	0.00739821	0.00070525	-0.000288008	-0.0457808	
24.6172	0.00830633	0.00590602	0.000647748	-0.000278838	-0.0423922	
24.8484	0.00948863	0.00434917	0.000584622	-0.000267616	-0.038729	
25.1005	0.0103882	0.00281667	0.000518503	-0.000257082	-0.0348751	
25.3654	0.010941	0.00138669	0.000451907	-0.000245701	-0.0309473	
25.6346	0.0111389	0.000112287	0.000387089	-0.00023632	-0.0271936	
25.8995	0.0110212	-0.000972971	0.000325518	-0.000228446	-0.0235514	
26.1516	0.0106617	-0.00185579	0.000268794	-0.000222249	-0.020283	
26.3828	0.010151	-0.00254455	0.000217696	-0.000220282	-0.0173566	
26.5855	0.00958194	-0.0030539	0.00017314	-0.000219442	-0.0147997	
26.7534	0.00903842	-0.00341234	0.000136135	-0.000222207	-0.0128326	
26.881	0.00858779	-0.00364536	0.000107589	-0.000224752	-0.0110583	
26.9642	0.00827897	-0.00377745	8.88769e-05	-0.000225573	-0.0101878	
27	0.0081426	-0.00383258	8.07475e-05	-0.000228693	-0.0104061	
27	0.0081426	-0.00383258	8.07475e-05	-0.000228693	-0.0104061	
27.0358	0.00800434	-0.00387977	7.25552e-05	-0.000226532	-0.00790513	
27.119	0.00767781	-0.00397102	5.42671e-05	-0.000215996	-0.00767767	
27.2466	0.00716227	-0.00410567	2.62522e-05	-0.000223629	-0.00634056	
27.4145	0.00646329	-0.00420707	-1.05916e-05	-0.000211525	-0.00316443	
27.6172	0.0056043	-0.00425808	-5.2708e-05	-0.000210203	-0.00161225	
27.8484	0.00462176	-0.00421799	-0.000102127	-0.000210231	0.00239213	
28.1005	0.00358211	-0.00400901	-0.000151201	-0.000181188	0.00565819	
28.3654	0.00256145	-0.00367388	-0.000198096	-0.000171501	0.00893005	
28.6346	0.00163936	-0.00313899	-0.000237129	-0.000107225	0.0138866	
28.8995	0.000895006	-0.00246666	-0.000254733	-2.88594e-05	0.0161299	
29.1516	0.000364991	-0.00170847	-0.000249693	8.77428e-05	0.0205104	
29.3828	6.44139e-05	-0.000888347	-0.000208377	0.000269838	0.0212662	
29.5855	-4.81333e-05	-0.0002413	-0.000141363	0.000383503	0.0179984	
29.7534	-4.95011e-05	0.000201726	-7.0041e-05	0.00045647	0.0123805	
29.881	-1.49211e-05	0.000264849	-1.68546e-05	0.000320072	-0.00894917	
29.9642	-7.48865e-07	5.72991e-05	-7.77518e-07	6.01288e-05	-0.0160275	
30	-1.76252e-17	1.77012e-16	9.79725e-18	-4.6734e-18	5.72341e-09	
