0	0.466667	2.66667	3.1415	-3.1415	83.475	
0.0358417	0.562287	2.50532	3.03451	-2.6654	-88.2457	
0.119026	0.722843	1.53331	2.88616	-1.12297	-26.2429	
0.24661	0.897614	1.08689	2.80309	-0.104946	-52.4052	
0.414481	0.902479	-1.08066	2.97597	2.00805	-65.6643	
0.617243	0.576726	-1.76519	3.37726	1.50612	-4.88439	
0.848377	0.0599517	-3.0145	3.6484	1.05807	-43.68	
1.10046	-0.659905	-1.28989	3.6527	-1.93361	150.185	
1.36538	0.0990943	7.1582	2.49675	-5.80932	173.998	
1.63462	2.59472	9.70946	1.2479	-2.77759	-46.6057	
1.89954	4.70703	5.95275	0.845692	-0.951665	-90.3977	
2.15162	5.81861	3.18953	0.597291	-0.915976	-45.8774	
2.38276	6.37682	1.6875	0.435179	-0.563992	-37.4672	
2.58552	6.60078	0.590539	0.316088	-0.585377	-25.2462	
2.75339	6.6538	0.0882981	0.235473	-0.370992	-15.6141	
2.88097	6.64246	-0.277078	0.190354	-0.357175	-17.6266	
2.96416	6.61152	-0.439143	0.162579	-0.289672	-6.79228	
3	6.59498	-0.492935	0.152856	-0.26281	-16.2148	
3	6.59498	-0.492935	0.152856	-0.26281	-16.2148	
3.03584	6.57581	-0.572248	0.143358	-0.263439	-11.7912	
3.11903	6.52259	-0.700237	0.12289	-0.225908	-8.50707	
3.24661	6.42269	-0.862855	0.0973082	-0.180293	-7.59435	
3.41448	6.2625	-1.03535	0.0703372	-0.141122	-5.40905	
3.61724	6.03772	-1.17239	0.0464067	-0.0975597	-3.69329	
3.84838	5.75335	-1.28142	0.0272289	-0.0715013	-2.59438	
4.10046	5.42078	-1.34812	0.0120091	-0.049019	-1.2992	
4.36538	5.05915	-1.37821	0.00144316	-0.0334698	-0.750399	
4.63462	4.68636	-1.38617	-0.00667356	-0.0264402	-0.107831	
4.89954	4.32128	-1.36683	-0.0123326	-0.0167664	0.336633	
5.15162	3.98	-1.34003	-0.0161819	-0.0147306	0.484662	
5.38276	3.67414	-1.30387	-0.0192223	-0.0104895	0.895958	
5.58552	3.41368	-1.26569	-0.0209314	-0.00760651	0.855577	
5.75339	3.20378	-1.23401	-0.0222772	-0.00778851	1.06973	
5.88097	3.04819	-1.20465	-0.0230689	-0.0046259	1.16088	
5.96416	2.94872	-1.18747	-0.0234606	-0.00534115	0.973543	
6	2.90629	-1.17963	-0.0236568	-0.00524481	1.36135	
6	2.90629	-1.17963	-0.0236568	-0.00524481	1.36135	
6.03584	2.86417	-1.17081	-0.0238247	-0.00429009	1.22335	
6.11903	2.76758	-1.15173	-0.0241573	-0.00385913	1.18043	
6.24661	2.62253	-1.12173	-0.0246109	-0.00311641	1.2616	
6.41448	2.43765	-1.08081	-0.0250248	-0.00191715	1.29568	
6.61724	2.22357	-1.0307	-0.0253243	-0.001046	1.33594	
6.84838	1.99207	-0.972256	-0.0254285	0.000152691	1.37527	
7.10046	1.75506	-0.908238	-0.0252644	0.00105571	1.38079	
7.36538	1.52333	-0.841212	-0.0248805	0.00188523	1.38982	
7.63462	1.30595	-0.773803	-0.0242536	0.0027017	1.37044	
7.89954	1.10954	-0.709232	-0.0234765	0.00315436	1.34238	
8.15162	0.93834	-0.649376	-0.0226147	0.0036879	1.31154	
8.38276	0.794406	-0.596454	-0.0217262	0.00394335	1.26456	
8.58552	0.678031	-0.551652	-0.0209104	0.00414096	1.23335	
8.75339	0.588463	-0.515672	-0.0201954	0.00434394	1.19387	
8.88097	0.524365	-0.489244	-0.0196408	0.00434746	1.16549	
8.96416	0.484374	-0.472288	-0.019276	0.00444142	1.15511	
9	0.467576	-0.465083	-0.0191162	0.00446577	1.13408	
9	0.467576	-0.465083	-0.0191162	0.00446577	1.13408	
9.03584	0.451034	-0.457963	-0.0189563	0.00446085	1.13176	
9.11903	0.413621	-0.441598	-0.0185836	0.00450232	1.11425	
9.24661	0.35885	-0.417117	-0.0180069	0.00452827	1.08225	
9.41448	0.291456	-0.386017	-0.0172458	0.00454443	1.04342	
9.61724	0.216858	-0.350112	-0.0163214	0.00456593	0.993847	
9.84838	0.140445	-0.311498	-0.01527	0.00452219	0.935733	
10.1005	0.066942	-0.272152	-0.0141392	0.00444883	0.873827	
10.3654	-1.63492e-05	-0.23387	-0.012973	0.00434748	0.808241	
10.6346	-0.0581064	-0.198159	-0.0118214	0.00420186	0.742564	
10.8995	-0.106287	-0.166073	-0.01073	0.0040339	0.679631	
11.1516	-0.14459	-0.138253	-0.009735	0.00386002	0.622027	
11.3828	-0.173813	-0.114968	-0.00886128	0.00369782	0.570716	
11.5855	-0.1952	-0.0962529	-0.00812804	0.00353042	0.526591	
11.7534	-0.21014	-0.0819065	-0.00754713	0.00339491	0.492937	
11.881	-0.219931	-0.0716607	-0.00711978	0.00330245	0.467071	
11.9642	-0.225625	-0.0652981	-0.00684809	0.00322784	0.449886	
12	-0.227918	-0.0626281	-0.00673297	0.00319738	0.444301	
12	-0.227918	-0.0626281	-0.00673297	0.00319738	0.444301	
12.0358	-0.230115	-0.059997	-0.00661883	0.00317099	0.437177	
12.119	-0.234857	-0.0540581	-0.00635774	0.00310584	0.421226	
12.2466	-0.241196	-0.0453908	-0.00596809	0.00300164	0.397456	
12.4145	-0.247912	-0.0347717	-0.00547593	0.00286233	0.367536	
12.6172	-0.253756	-0.023074	-0.0049121	0.0027002	0.333228	
12.8484	-0.257685	-0.0111716	-0.00430923	0.00251548	0.295895	
13.1005	-0.259037	0.00017613	-0.00370082	0.00231304	0.258159	
13.3654	-0.257597	0.0104199	-0.00311459	0.00211498	0.221719	
13.6346	-0.253574	0.0191999	-0.00257167	0.00191718	0.187235	
13.8995	-0.247507	0.0263702	-0.00208939	0.00172629	0.156617	
14.1516	-0.240129	0.0319821	-0.00167524	0.00156191	0.130244	
14.3828	-0.232235	0.0361768	-0.00133116	0.00141512	0.107775	
14.5855	-0.224586	0.0391716	-0.00105708	0.00129015	0.0899979	
14.7534	-0.217833	0.0412143	-0.000848503	0.00119591	0.0764403	
14.881	-0.21249	0.042518	-0.000700371	0.00112618	0.0665678	
14.9642	-0.208921	0.0432579	-0.000608569	0.00108124	0.0604936	
15	-0.207366	0.0435513	-0.000570156	0.00106227	0.0579303	
15	-0.207366	0.0435513	-0.000570156	0.00106227	0.0579303	
15.0358	-0.2058	0.0438291	-0.000532426	0.00104303	0.0553119	
15.119	-0.202129	0.0444172	-0.000447502	0.000999213	0.0497267	
15.2466	-0.196412	0.0451733	-0.000324102	0.0009355	0.0414333	
15.4145	-0.188763	0.0459097	-0.00017404	0.000852611	0.0311742	
15.6172	-0.179394	0.0464446	-1.07903e-05	0.000759379	0.020133	
15.8484	-0.168629	0.0466314	0.000153358	0.000661707	0.00871746	
16.1005	-0.156897	0.0463776	0.000307184	0.000560114	-0.00215403	
16.3654	-0.144694	0.0456762	0.000442772	0.000465684	-0.0117964	
16.6346	-0.132536	0.0445766	0.000556253	0.000377965	-0.0202547	
16.8995	-0.120906	0.043178	0.00064563	0.000298684	-0.0270233	
17.1516	-0.110214	0.0416161	0.000712599	0.000233924	-0.0322978	
17.3828	-0.100777	0.0400205	0.00076016	0.000177999	-0.0363681	
17.5855	-0.0928132	0.0385199	0.000791669	0.000134075	-0.0390962	
17.7534	-0.086455	0.0372226	0.00081145	0.000101661	-0.0410816	
17.881	-0.0817706	0.0362069	0.000822818	7.66141e-05	-0.0423673	
17.9642	-0.0787867	0.0355347	0.000828558	6.17421e-05	-0.0429659	
18	-0.0775183	0.035243	0.000830663	5.56429e-05	-0.0433038	
18	-0.0775183	0.035243	0.000830663	5.56429e-05	-0.0433038	
18.0358	-0.0762603	0.03495	0.000832547	4.95527e-05	-0.0435058	
18.119	-0.0733814	0.0342667	0.000836119	3.65149e-05	-0.0439991	
18.2466	-0.0690769	0.0332099	0.000839577	1.79033e-05	-0.0446723	
18.4145	-0.0636194	0.0318078	0.000840653	-4.7436e-06	-0.045327	
18.6172	-0.0573425	0.030106	0.000837139	-2.94288e-05	-0.0457844	
18.8484	-0.050608	0.0281689	0.000827434	-5.38904e-05	-0.0458953	
19.1005	-0.0437716	0.0260766	0.000810926	-7.64497e-05	-0.0456042	
19.3654	-0.0371504	0.0239175	0.000787964	-9.62219e-05	-0.0448888	
19.6346	-0.0309997	0.0217819	0.000759829	-0.000112079	-0.043791	
19.8995	-0.0254999	0.0197513	0.000728457	-0.000124308	-0.0424428	
20.1516	-0.0207568	0.0178936	0.000695928	-0.000133296	-0.0409313	
20.3828	-0.016811	0.0162607	0.000664411	-0.000139092	-0.039399	
20.5855	-0.0136542	0.0148866	0.000635798	-0.000142989	-0.0379808	
20.7534	-0.0112476	0.0137922	0.000611597	-0.000145087	-0.0367184	
20.881	-0.00953948	0.0129877	0.000593038	-0.000145779	-0.0357508	
20.9642	-0.00848048	0.0124754	0.000580892	-0.000146284	-0.0351422	
21	-0.00803724	0.0122577	0.000575644	-0.000146528	-0.0348628	
21	-0.00803724	0.0122577	0.000575644	-0.000146528	-0.0348628	
21.0358	-0.00760178	0.0120421	0.000570392	-0.000146507	-0.0345377	
21.119	-0.00662066	0.0115483	0.000558198	-0.000146914	-0.0340021	
21.2466	-0.00519471	0.0108089	0.000539337	-0.00014855	-0.0329883	
21.4145	-0.00345919	0.00987527	0.000514457	-0.000147334	-0.0315381	
21.6172	-0.00156654	0.00880303	0.000484794	-0.000145659	-0.0299936	
21.8484	0.000333687	0.00765294	0.000451264	-0.000143925	-0.0280879	
22.1005	0.00211434	0.00649025	0.000415635	-0.000138582	-0.0260503	
22.3654	0.00368239	0.00536348	0.000379504	-0.000134504	-0.0240594	
22.6346	0.00498342	0.00431771	0.000343964	-0.000128841	-0.0219445	
22.8995	0.00600161	0.0033838	0.000310754	-0.000122308	-0.0200656	
23.1516	0.00675104	0.00257531	0.000280465	-0.000117835	-0.0182974	
23.3828	0.00726746	0.00190428	0.000253953	-0.000111296	-0.0166805	
23.5855	0.00759821	0.00136522	0.000231854	-0.000107313	-0.0154872	
23.7534	0.00779229	0.000952533	0.000214036	-0.000104511	-0.0143535	
23.881	0.00789504	0.000661058	0.000200946	-0.000100753	-0.0135798	
23.9642	0.00794241	0.000478815	0.000192618	-9.97863e-05	-0.0132111	
24	0.0079582	0.000402371	0.000189046	-9.94245e-05	-0.0128953	
24	0.0079582	0.000402371	0.000189046	-9.94245e-05	-0.0128953	
24.0358	0.00797128	0.000328037	0.000185501	-9.82715e-05	-0.0125871	
24.119	0.00799156	0.000160488	0.00017744	-9.5816e-05	-0.0121981	
24.2466	0.00799621	-8.5e-05	0.000165337	-9.39047e-05	-0.0114872	
24.4145	0.00795661	-0.000381832	0.000149929	-8.93133e-05	-0.0104683	
24.6172	0.00784574	-0.000706291	0.000132307	-8.52408e-05	-0.0095181	
24.8484	0.00764367	-0.00103413	0.000112888	-8.23375e-05	-0.00829745	
25.1005	0.00734378	-0.00133606	9.29444e-05	-7.57443e-05	-0.00701983	
25.3654	0.00695363	-0.00160127	7.34911e-05	-7.18636e-05	-0.00592475	
25.6346	0.00649205	-0.00181799	5.45711e-05	-6.80415e-05	-0.00468382	
25.8995	0.00598805	-0.00197933	3.72716e-05	-6.30688e-05	-0.00365078	
26.1516	0.00547387	-0.00209385	2.1545e-05	-6.19557e-05	-0.00273625	
26.3828	0.00498132	-0.00216201	7.5139e-06	-5.89215e-05	-0.00177761	
26.5855	0.00453918	-0.00219599	-4.20586e-06	-5.75788e-05	-0.00120275	
26.7534	0.00416919	-0.00220924	-1.40118e-05	-5.89658e-05	-0.000571954	
26.881	0.00388746	-0.00220475	-2.14111e-05	-5.63799e-05	8.29019e-05	
26.9642	0.00370438	-0.0021973	-2.60347e-05	-5.5624e-05	1.08417e-06	
27	0.00362566	-0.00219571	-2.80631e-05	-5.8008e-05	-0.000365726	
27	0.00362566	-0.00219571	-2.80631e-05	-5.8008e-05	-0.000365726	
27.0358	0.00354702	-0.00219161	-3.01652e-05	-5.83776e-05	0.000698677	
27.119	0.00336544	-0.00217399	-3.4829e-05	-5.4479e-05	0.000812639	
27.2466	0.00308968	-0.00214791	-4.1911e-05	-5.69826e-05	0.00106035	
27.4145	0.00273333	-0.00209334	-5.13025e-05	-5.34488e-05	0.00198946	
27.6172	0.00231731	-0.00200857	-6.18206e-05	-5.23131e-05	0.00234301	
27.8484	0.00186623	-0.00188757	-7.41071e-05	-5.16497e-05	0.00345124	
28.1005	0.001412	-0.00171087	-8.57151e-05	-4.10724e-05	0.0042977	
28.3654	0.000986141	-0.00149879	-9.60832e-05	-3.67734e-05	0.00510604	
28.6346	0.000617154	-0.00123238	-0.000103481	-1.45287e-05	0.00643834	
28.8995	0.000329577	-0.000936561	-0.0001037	1.17328e-05	0.00685115	
29.1516	0.000131262	-0.000629001	-9.66101e-05	5.0883e-05	0.00800568	
29.3828	2.19026e-05	-0.000318429	-7.7892e-05	0.000110573	0.00786825	
29.5855	-1.79352e-05	-8.28227e-05	-5.17029e-05	0.000145	0.00645811	
29.7534	-1.78956e-05	7.44865e-05	-2.5284e-05	0.000166392	0.00434308	
29.881	-5.35066e-06	9.5222e-05	-6.04324e-06	0.000115023	-0.0032693	
29.9642	-2.67669e-07	2.04894e-05	-2.77909e-07	2.15009e-05	-0.00573717	
30	-1.89546e-17	1.89268e-16	1.02024e-17	-5.38582e-18	2.04348e-09	
