0	-3.70135e-17	-5.27451e-16	7.27678e-17	-1.04717	35.8012	
0.0105651	0.000326482	0.0615006	-0.0105786	-0.956327	34.7887	
0.0350855	0.0035194	0.197346	-0.031639	-0.766063	32.509	
0.0726935	0.0145894	0.387872	-0.0557175	-0.523679	29.2247	
0.122177	0.0393719	0.608323	-0.0752844	-0.279849	25.3054	
0.181945	0.0826781	0.833858	-0.0854128	-0.0727868	21.1427	
0.250077	0.146909	1.04391	-0.0847763	0.0790193	17.0624	
0.324383	0.231472	1.2244	-0.0749873	0.17461	13.2862	
0.402474	0.332977	1.36808	-0.0591663	0.223651	9.94346	
0.48184	0.445992	1.47364	-0.0406088	0.239598	7.09179	
0.559931	0.56402	1.54418	-0.0219743	0.235154	4.73671	
0.634237	0.680442	1.58559	-0.00500873	0.220229	2.84938	
0.702369	0.789224	1.60498	0.00937925	0.201586	1.37928	
0.762137	0.88534	1.6095	0.0208879	0.183348	0.269016	
0.811621	0.964914	1.6056	0.029576	0.167775	-0.537785	
0.849228	1.02517	1.59852	0.0356631	0.155956	-1.08933	
0.873749	1.0643	1.59216	0.0393936	0.148338	-1.42214	
0.884314	1.0811	1.58903	0.0409436	0.145087	-1.55971	
0.884314	1.0811	1.58903	0.0409436	0.145087	-1.55971	
0.894879	1.09787	1.58566	0.0424594	0.141858	-1.69331	
0.9194	1.13665	1.57699	0.0458468	0.134461	-1.99017	
0.957007	1.19567	1.56151	0.0506948	0.123418	-2.41089	
1.00649	1.27236	1.5375	0.0564552	0.109532	-2.90513	
1.06626	1.36327	1.50366	0.0625268	0.0938457	-3.42091	
1.13439	1.46425	1.45961	0.0683545	0.0775021	-3.91307	
1.2087	1.57075	1.40612	0.073509	0.0615596	-4.34884	
1.28679	1.6782	1.34505	0.0777285	0.0468458	-4.70962	
1.36615	1.78235	1.27905	0.0809196	0.0338887	-4.98972	
1.44425	1.8796	1.21125	0.083127	0.0229255	-5.19345	
1.51855	1.96715	1.14489	0.0844892	0.0139662	-5.33129	
1.58668	2.04305	1.08297	0.0851935	0.00687498	-5.41681	
1.64645	2.10614	1.02814	0.0854386	0.00144416	-5.46413	
1.69593	2.15589	0.982556	0.0854095	-0.00254874	-5.48607	
1.73354	2.19219	0.947881	0.0852611	-0.00530419	-5.49346	
1.75806	2.21515	0.925282	0.0851103	-0.00697973	-5.49432	
1.76863	2.22488	0.915551	0.0850329	-0.00767352	-5.49375	
1.76863	2.22488	0.915551	0.0850329	-0.00767352	-5.49375	
1.77919	2.2345	0.905825	0.0849482	-0.00835082	-5.49267	
1.80371	2.25643	0.883276	0.0847248	-0.00986107	-5.48815	
1.84132	2.289	0.848776	0.0843128	-0.0120172	-5.47611	
1.89081	2.32988	0.803594	0.0836535	-0.0145793	-5.45166	
1.95057	2.37629	0.749438	0.082699	-0.0172948	-5.41045	
2.01871	2.42527	0.688396	0.081428	-0.0199397	-5.34998	
2.09301	2.47398	0.622826	0.0798541	-0.0223458	-5.2701	
2.1711	2.51997	0.555211	0.0780256	-0.0244101	-5.17312	
2.25047	2.56135	0.488001	0.076019	-0.0260914	-5.06337	
2.32856	2.59693	0.423479	0.0739285	-0.0273967	-4.94646	
2.40286	2.62617	0.363653	0.0718553	-0.0283646	-4.82864	
2.471	2.64911	0.310199	0.0698983	-0.0290508	-4.71611	
2.53076	2.66628	0.264443	0.0681475	-0.0295151	-4.61455	
2.58025	2.67845	0.227379	0.0666793	-0.0298137	-4.52883	
2.61786	2.68648	0.199712	0.0655546	-0.0299938	-4.46287	
2.64238	2.69115	0.18191	0.0648179	-0.0300911	-4.41955	
2.65294	2.69304	0.174296	0.0644998	-0.0301284	-4.40082	
2.65294	2.69304	0.174296	0.0644998	-0.0301284	-4.40082	
2.66351	2.69484	0.166718	0.0641813	-0.030163	-4.38203	
2.68803	2.69871	0.149264	0.0634408	-0.0302331	-4.33831	
2.72564	2.70383	0.122859	0.0623022	-0.0303149	-4.27093	
2.77512	2.70906	0.0887923	0.0608003	-0.0303783	-4.18178	
2.83489	2.71316	0.0486743	0.0589838	-0.0303952	-4.07356	
2.90302	2.71496	0.00431755	0.0569143	-0.0303443	-3.9498	
2.97732	2.71353	-0.0423889	0.0546639	-0.030216	-3.81472	
3.05542	2.70837	-0.0896032	0.0523118	-0.0300122	-3.67304	
3.13478	2.69942	-0.135634	0.0499401	-0.0297449	-3.5297	
3.21287	2.68712	-0.179018	0.0476292	-0.0294332	-3.38962	
3.28718	2.67234	-0.21856	0.0454543	-0.0291001	-3.25747	
3.35531	2.65625	-0.253341	0.0434828	-0.0287692	-3.13741	
3.41508	2.64023	-0.282704	0.0417724	-0.0284625	-3.03306	
3.46456	2.62566	-0.306209	0.0403705	-0.028199	-2.94741	
3.50217	2.61381	-0.323591	0.0393138	-0.0279939	-2.88279	
3.52669	2.60574	-0.334701	0.0386291	-0.0278582	-2.84089	
3.53726	2.60218	-0.339434	0.0383351	-0.0277993	-2.82291	
3.53726	2.60218	-0.339434	0.0383351	-0.0277993	-2.82291	
3.54782	2.59857	-0.344135	0.0380417	-0.0277401	-2.8049	
3.57234	2.59	-0.35492	0.0373632	-0.0276018	-2.7633	
3.60995	2.57634	-0.371124	0.0363291	-0.0273874	-2.69989	
3.65943	2.55746	-0.39183	0.034981	-0.0271019	-2.61714	
3.7192	2.53332	-0.415915	0.0333715	-0.0267529	-2.51823	
3.78733	2.50408	-0.442154	0.0315625	-0.0263516	-2.40692	
3.86164	2.47021	-0.469315	0.0296207	-0.0259117	-2.28727	
3.93973	2.4325	-0.496251	0.0276153	-0.0254491	-2.16353	
4.0191	2.39208	-0.521968	0.0256141	-0.0249808	-2.03987	
4.09719	2.35038	-0.54567	0.0236812	-0.0245237	-1.92028	
4.17149	2.30904	-0.566775	0.021875	-0.0240937	-1.80839	
4.23962	2.2698	-0.584909	0.0202467	-0.0237047	-1.70742	
4.29939	2.23439	-0.599872	0.01884	-0.0233681	-1.6201	
4.34888	2.20442	-0.611604	0.0176905	-0.023093	-1.54868	
4.38648	2.18125	-0.620126	0.0168259	-0.0228864	-1.49494	
4.411	2.16598	-0.625502	0.0162664	-0.0227529	-1.46014	
4.42157	2.15936	-0.627774	0.0160263	-0.0226956	-1.44519	
4.42157	2.15936	-0.627774	0.0160263	-0.0226956	-1.44519	
4.43214	2.15272	-0.63002	0.0157868	-0.0226385	-1.4303	
4.45666	2.13721	-0.635131	0.0152333	-0.0225067	-1.39588	
4.49426	2.11318	-0.642698	0.0143907	-0.0223066	-1.34342	
4.54375	2.08114	-0.652156	0.0132933	-0.0220468	-1.27506	
4.60352	2.04184	-0.662834	0.0119848	-0.0217387	-1.19349	
4.67165	1.99629	-0.674025	0.0105155	-0.0213952	-1.10181	
4.74595	1.94579	-0.685058	0.00893932	-0.0210303	-1.00338	
4.82404	1.89188	-0.69536	0.00731165	-0.0206581	-0.90161	
4.90341	1.83632	-0.704496	0.00568672	-0.0202915	-0.799896	
4.9815	1.781	-0.712198	0.00411584	-0.0199425	-0.701456	
5.05581	1.72784	-0.718362	0.002646	-0.0196213	-0.609233	
5.12394	1.67873	-0.723033	0.00131894	-0.0193358	-0.525869	
5.18371	1.63542	-0.72637	0.000170584	-0.0190924	-0.453649	
5.23319	1.59941	-0.728601	-0.000769293	-0.0188957	-0.394472	
5.2708	1.57199	-0.729979	-0.00147716	-0.0187491	-0.34987	
5.29532	1.55408	-0.73073	-0.00193574	-0.0186549	-0.320943	
5.30588	1.54636	-0.731018	-0.00213261	-0.0186145	-0.308499	
5.30588	1.54636	-0.731018	-0.00213261	-0.0186145	-0.308499	
5.31645	1.53863	-0.731285	-0.00232907	-0.0185744	-0.29614	
5.34097	1.52069	-0.731822	-0.00278338	-0.0184821	-0.267471	
5.37858	1.49316	-0.732425	-0.00347582	-0.0183424	-0.223726	
5.42806	1.4569	-0.732813	-0.00437899	-0.018162	-0.16662	
5.48783	1.41311	-0.732673	-0.00545812	-0.0179491	-0.0982717	
5.55596	1.36322	-0.731712	-0.00667292	-0.0177125	-0.0211889	
5.63027	1.30891	-0.729702	-0.00797968	-0.0174612	0.0619382	
5.70836	1.25205	-0.726524	-0.00933314	-0.0172036	0.148299	
5.78772	1.19455	-0.722191	-0.0106883	-0.0169473	0.235074	
5.86582	1.13836	-0.716855	-0.012002	-0.0166988	0.319563	
5.94012	1.08531	-0.710804	-0.0132341	-0.0164642	0.39917	
6.00825	1.03709	-0.704431	-0.0143485	-0.016249	0.471558	
6.06802	0.995173	-0.698196	-0.015314	-0.0160587	0.534613	
6.1175	0.960761	-0.692583	-0.0161047	-0.0158993	0.586502	
6.15511	0.934799	-0.688045	-0.0167004	-0.0157763	0.625812	
6.17963	0.917965	-0.684961	-0.0170862	-0.0156951	0.651295	
6.1902	0.910736	-0.683602	-0.0172519	-0.0156601	0.662146	
6.1902	0.910736	-0.683602	-0.0172519	-0.0156601	0.662146	
6.20076	0.903521	-0.682224	-0.0174171	-0.0156246	0.673407	
6.22528	0.886832	-0.678955	-0.0177992	-0.0155413	0.698704	
6.26289	0.861395	-0.673752	-0.0183813	-0.0154122	0.73759	
6.31238	0.828232	-0.666554	-0.0191396	-0.0152364	0.788716	
6.37214	0.788666	-0.657332	-0.0200437	-0.0150156	0.849921	
6.44028	0.744258	-0.646119	-0.0210578	-0.0147491	0.919703	
6.51458	0.696728	-0.633043	-0.0221422	-0.0144349	0.995276	
6.59267	0.647861	-0.618357	-0.0232556	-0.0140745	1.07442	
6.67204	0.599409	-0.602444	-0.0243567	-0.0136655	1.15475	
6.75013	0.553006	-0.585822	-0.0254066	-0.0132139	1.23325	
6.82443	0.510092	-0.569122	-0.0263708	-0.0127286	1.30817	
6.89257	0.471859	-0.553054	-0.0272212	-0.0122251	1.37648	
6.95233	0.439241	-0.538367	-0.0279375	-0.0117331	1.43634	
7.00182	0.41291	-0.525788	-0.028507	-0.011281	1.48632	
7.03943	0.39332	-0.515976	-0.0289244	-0.0109099	1.52319	
7.06395	0.380748	-0.509463	-0.0291888	-0.0106542	1.54915	
7.07451	0.37538	-0.506623	-0.0293007	-0.0105357	1.56321	
7.07451	0.37538	-0.506623	-0.0293007	-0.0105357	1.56321	
7.08508	0.370043	-0.503771	-0.0294114	-0.0104201	1.56611	
7.1096	0.357771	-0.497093	-0.0296637	-0.0101484	1.59467	
7.14721	0.339273	-0.486644	-0.0300366	-0.00967968	1.63272	
7.19669	0.315538	-0.472595	-0.0304999	-0.00903967	1.67889	
7.25646	0.287811	-0.455109	-0.0310147	-0.00816037	1.74297	
7.32459	0.257502	-0.434508	-0.0315325	-0.00702252	1.807	
7.39889	0.226074	-0.411267	-0.0320038	-0.00562515	1.88248	
7.47699	0.194942	-0.385905	-0.0323766	-0.00387653	1.96042	
7.55635	0.165366	-0.35924	-0.0326057	-0.00185543	2.03383	
7.63444	0.138367	-0.332088	-0.0326622	0.000480168	2.11392	
7.70875	0.114677	-0.305436	-0.0325328	0.00304611	2.17728	
7.77688	0.0947165	-0.280382	-0.0322377	0.00567688	2.24062	
7.83665	0.0786296	-0.257847	-0.0318208	0.00832292	2.29321	
7.88613	0.0663378	-0.238927	-0.0313516	0.0106548	2.32079	
7.92374	0.0576257	-0.224335	-0.0309153	0.0125911	2.37053	
7.94826	0.0522429	-0.214721	-0.0305899	0.0139354	2.34751	
7.95883	0.0499958	-0.210689	-0.0304401	0.0144016	2.25662	
7.95883	0.0499958	-0.210689	-0.0304401	0.0144016	2.25662	
7.96939	0.0477916	-0.206507	-0.030285	0.0150208	2.47755	
7.99391	0.0428506	-0.196587	-0.0298956	0.0166573	2.38064	
8.03152	0.0357312	-0.182012	-0.0292341	0.0185385	2.3851	
8.081	0.0272177	-0.161932	-0.0282355	0.0219753	2.49402	
8.14077	0.0182602	-0.138023	-0.0268006	0.0258624	2.38237	
8.2089	0.00977073	-0.110997	-0.0248917	0.0304316	2.47362	
8.28321	0.00264076	-0.0811285	-0.0224077	0.0363107	2.37854	
8.3613	-0.00254353	-0.0519659	-0.0193766	0.0412139	2.23701	
8.44067	-0.00552439	-0.0233658	-0.0158937	0.0465931	2.12849	
8.51876	-0.00636563	0.000746528	-0.0121083	0.0496484	1.64462	
8.59306	-0.00563348	0.0182449	-0.00841252	0.0495623	1.27774	
8.66119	-0.00398293	0.0287869	-0.00510617	0.046524	0.514828	
8.72096	-0.00221382	0.0289069	-0.00256829	0.0373838	-0.390963	
8.77045	-0.000899278	0.0234043	-0.000974744	0.0265703	-1.04678	
8.80805	-0.000189722	0.0127882	-0.000197324	0.0134889	-2.50434	
8.83257	-8.21187e-06	0.00217263	-8.36302e-06	0.00221902	-2.15983	
8.84314	-2.14766e-17	-3.7579e-16	-1.8488e-17	1.74756e-17	2.33372e-06	
