0	-0.466667	-3.05541e-15	1.04717	-1.04717	31.7311	
0.0358417	-0.461102	0.354997	1.01962	-0.476544	78.2725	
0.119026	-0.388794	1.30134	1.03153	0.674928	46.6952	
0.24661	-0.188722	1.71533	1.1846	1.61889	12.1312	
0.414481	0.142269	2.25566	1.52051	2.3285	14.5811	
0.617243	0.533444	0.979172	2.08283	3.3431	-91.3857	
0.848377	0.350354	-2.1186	2.9946	4.05616	-24.6357	
1.10046	0.0762849	1.36435	3.51992	-0.892497	175.903	
1.36538	1.55745	9.75028	2.48601	-5.6126	172.857	
1.63462	4.83517	13.0986	1.31423	-2.38513	-28.6744	
1.89954	7.80044	8.48665	0.990329	-0.866676	-137.698	
2.15162	9.35661	4.53966	0.733313	-0.908772	-47.7479	
2.38276	10.2131	2.70488	0.593917	-0.544777	-69.3023	
2.58552	10.5179	0.475898	0.419253	-1.04995	-38.8838	
2.75339	10.5582	0.151166	0.290938	-0.429844	-10.251	
2.88097	10.5431	-0.503108	0.233534	-0.583668	-36.3713	
2.96416	10.4919	-0.577605	0.188738	-0.359706	21.9279	
3	10.4726	-0.558801	0.178919	-0.249505	-41.1663	
3	10.4726	-0.558801	0.178919	-0.249505	-41.1663	
3.03584	10.4492	-0.72075	0.168296	-0.319925	-17.5557	
3.11903	10.3836	-0.830671	0.144396	-0.235776	-5.17777	
3.24661	10.269	-0.984708	0.120963	-0.159147	-9.85103	
3.41448	10.0826	-1.21899	0.0948644	-0.1436	-6.69718	
3.61724	9.81815	-1.38063	0.0727242	-0.0793797	-4.97024	
3.84838	9.47686	-1.57536	0.0552364	-0.0808595	-5.31603	
4.10046	9.05919	-1.71758	0.0362973	-0.0590378	-2.49892	
4.36538	8.59251	-1.80956	0.0245687	-0.0407962	-2.87895	
4.63462	8.09127	-1.90338	0.0114622	-0.0505854	-1.56625	
4.89954	7.58398	-1.91905	0.00166698	-0.0238197	-0.585862	
5.15162	7.09751	-1.94463	-0.0050385	-0.0346615	-1.03493	
5.38276	6.64781	-1.93432	-0.0127389	-0.0238167	0.744455	
5.58552	6.25904	-1.90642	-0.0159571	-0.0158253	-0.190925	
5.75339	5.93937	-1.89755	-0.0198097	-0.0256751	0.774581	
5.88097	5.69946	-1.86159	-0.0220825	-0.00975692	1.13519	
5.96416	5.54508	-1.85418	-0.0230813	-0.0180595	-0.341021	
6	5.47868	-1.84868	-0.0237877	-0.0188687	2.27202	
6	5.47868	-1.84868	-0.0237877	-0.0188687	2.27202	
6.03584	5.41265	-1.83662	-0.024351	-0.0136792	1.25793	
6.11903	5.26063	-1.81938	-0.0254495	-0.0137345	0.837977	
6.24661	5.03027	-1.7903	-0.0272048	-0.0127753	1.22907	
6.41448	4.73346	-1.74573	-0.0290237	-0.00953409	1.28474	
6.61724	4.385	-1.69063	-0.0308998	-0.00886949	1.43082	
6.84838	4.00226	-1.61993	-0.032596	-0.00558094	1.63716	
7.10046	3.60406	-1.53933	-0.0337248	-0.00390321	1.68059	
7.36538	3.2078	-1.45118	-0.0345883	-0.00217934	1.83192	
7.63462	2.82965	-1.35769	-0.0348064	0.00019638	1.86019	
7.89954	2.48205	-1.26652	-0.034683	0.000767237	1.88388	
8.15162	2.17389	-1.17825	-0.0342723	0.00262502	1.92431	
8.38276	1.91079	-1.09888	-0.0335637	0.00317399	1.86005	
8.58552	1.6949	-1.03042	-0.032893	0.00373681	1.88969	
8.75339	1.52669	-0.973984	-0.0321722	0.00464658	1.83137	
8.88097	1.40507	-0.932751	-0.031594	0.00442094	1.80521	
8.96416	1.3286	-0.905552	-0.0312092	0.00496104	1.84376	
9	1.29635	-0.894011	-0.0310277	0.00507297	1.7421	
9	1.29635	-0.894011	-0.0310277	0.00507297	1.7421	
9.03584	1.26451	-0.882753	-0.0308485	0.00496927	1.77392	
9.11903	1.19218	-0.856416	-0.0304282	0.00517205	1.77455	
9.24661	1.08546	-0.81668	-0.0297499	0.00541821	1.73422	
9.41448	0.952656	-0.76575	-0.0288248	0.00561738	1.69414	
9.61724	0.803474	-0.706122	-0.0276548	0.00590703	1.63753	
9.84838	0.647842	-0.64109	-0.0262696	0.00605585	1.56566	
10.1005	0.494806	-0.573718	-0.0247261	0.00619501	1.48847	
10.3654	0.351742	-0.507076	-0.0230734	0.0062504	1.39879	
10.6346	0.223823	-0.443863	-0.0213975	0.0061988	1.30902	
10.8995	0.113994	-0.386008	-0.0197612	0.00614233	1.21905	
11.1516	0.0231957	-0.335053	-0.0182311	0.00598427	1.13222	
11.3828	-0.0491769	-0.291709	-0.0168651	0.00584198	1.05668	
11.5855	-0.104694	-0.256312	-0.0156947	0.00568805	0.987977	
11.7534	-0.145394	-0.22885	-0.0147537	0.00552906	0.934962	
11.881	-0.173316	-0.20902	-0.0140542	0.00543482	0.894598	
11.9642	-0.190184	-0.196607	-0.0136057	0.00534472	0.866468	
12	-0.197137	-0.191374	-0.0134148	0.0053093	0.858741	
12	-0.197137	-0.191374	-0.0134148	0.0053093	0.858741	
12.0358	-0.203903	-0.186204	-0.013225	0.00528071	0.846038	
12.119	-0.218903	-0.174493	-0.0127892	0.00519484	0.819718	
12.2466	-0.240057	-0.157254	-0.012135	0.00506192	0.781611	
12.4145	-0.26464	-0.135869	-0.0112998	0.00488613	0.7321	
12.6172	-0.28973	-0.111954	-0.0103315	0.00466445	0.674471	
12.8484	-0.312689	-0.0871313	-0.00928265	0.0044112	0.611687	
13.1005	-0.331535	-0.0628769	-0.00820608	0.00412931	0.546538	
13.3654	-0.345146	-0.0403654	-0.0071515	0.00383312	0.482388	
13.6346	-0.353263	-0.0204008	-0.00615943	0.00353633	0.421421	
13.8995	-0.356362	-0.00341984	-0.005261	0.00324756	0.365785	
14.1516	-0.355428	0.010479	-0.00447597	0.00298247	0.316846	
14.3828	-0.351708	0.021434	-0.0038141	0.00274544	0.275146	
14.5855	-0.3465	0.0297412	-0.00327798	0.00254422	0.241254	
14.7534	-0.340992	0.0357621	-0.00286444	0.0023831	0.214819	
14.881	-0.336164	0.0398474	-0.00256815	0.00226181	0.195779	
14.9642	-0.332746	0.0422953	-0.00238321	0.00218518	0.183987	
15	-0.331212	0.0432993	-0.00230547	0.0021527	0.178905	
15	-0.331212	0.0432993	-0.00230547	0.0021527	0.178905	
15.0358	-0.329643	0.0442734	-0.0022289	0.00212068	0.174124	
15.119	-0.32587	0.0464228	-0.00205549	0.00204889	0.163008	
15.2466	-0.319752	0.0494213	-0.00180101	0.00194058	0.146455	
15.4145	-0.31116	0.0528437	-0.00148702	0.001801	0.125953	
15.6172	-0.300088	0.05624	-0.00113841	0.00163878	0.103025	
15.8484	-0.286728	0.0592109	-0.000780178	0.00146257	0.0792376	
16.1005	-0.271497	0.0614693	-0.000434493	0.00128226	0.0560507	
16.3654	-0.255007	0.0628677	-0.000118399	0.00110632	0.0345549	
16.6346	-0.23799	0.0633971	0.000156945	0.000941322	0.0155426	
16.8995	-0.22121	0.063164	0.000386345	0.000792741	-0.000579117	
17.1516	-0.20538	0.0623498	0.000569623	0.000663278	-0.0137387	
17.3828	-0.191097	0.0611727	0.000710187	0.000554659	-0.0240508	
17.5855	-0.178823	0.0598524	0.000813673	0.000467274	-0.0318386	
17.7534	-0.16888	0.058585	0.00088641	0.000400102	-0.037452	
17.881	-0.161472	0.0575302	0.000934385	0.00035246	-0.0412259	
17.9642	-0.156717	0.0568042	0.000962463	0.000322672	-0.0435462	
18	-0.154686	0.0564823	0.000973797	0.000309738	-0.0445611	
18	-0.154686	0.0564823	0.000973797	0.000309738	-0.0445611	
18.0358	-0.152668	0.0561553	0.000984666	0.000296795	-0.0454519	
18.119	-0.148029	0.0553783	0.00100814	0.000267728	-0.0474261	
18.2466	-0.141042	0.0541419	0.00103957	0.000225573	-0.0501441	
18.4145	-0.132094	0.0524442	0.00107309	0.000174613	-0.0531953	
18.6172	-0.121676	0.0503066	0.00110276	0.00011898	-0.0561772	
18.8484	-0.110338	0.047784	0.0011236	6.26134e-05	-0.0587027	
19.1005	-0.0986472	0.0449658	0.00113247	9.05784e-06	-0.0605211	
19.3654	-0.0871314	0.0419691	0.0011283	-3.92441e-05	-0.0615013	
19.6346	-0.0762415	0.0389259	0.00111204	-8.02397e-05	-0.0616413	
19.8995	-0.0663223	0.0359671	0.00108625	-0.000113315	-0.0610764	
20.1516	-0.0576047	0.0332097	0.00105439	-0.000138384	-0.0599716	
20.3828	-0.0502146	0.0307487	0.00102029	-0.000155839	-0.058565	
20.5855	-0.0441935	0.0286527	0.00098749	-0.000166996	-0.057064	
20.7534	-0.0395256	0.0269679	0.000958935	-0.000172589	-0.0556395	
20.881	-0.0361649	0.0257201	0.000936768	-0.000174628	-0.0545039	
20.9642	-0.0340586	0.0249224	0.000922225	-0.000174762	-0.0536626	
21	-0.0331714	0.0245832	0.000915973	-0.000173986	-0.0531954	
21	-0.0331714	0.0245832	0.000915973	-0.000173986	-0.0531954	
21.0358	-0.0322964	0.0242463	0.000909753	-0.00017326	-0.0530305	
21.119	-0.0303118	0.023471	0.000895343	-0.00017338	-0.0524061	
21.2466	-0.027392	0.022304	0.000873174	-0.000174138	-0.0513136	
21.4145	-0.0237739	0.02081	0.000843835	-0.000175508	-0.0498825	
21.6172	-0.0197321	0.0190691	0.000808064	-0.000177192	-0.0480722	
21.8484	-0.0155456	0.0171723	0.000767011	-0.000177833	-0.0459488	
22.1005	-0.0114664	0.0152107	0.000722211	-0.000177414	-0.0435958	
22.3654	-0.00769651	0.0132705	0.000675441	-0.000175399	-0.0410857	
22.6346	-0.0043747	0.0114253	0.000628626	-0.000172247	-0.0385556	
22.8995	-0.00157483	0.00973236	0.000583483	-0.000168393	-0.0360784	
23.1516	0.000687209	0.00823247	0.00054157	-0.000164145	-0.033772	
23.3828	0.00244005	0.00694927	0.00050405	-0.000160575	-0.0317096	
23.5855	0.00374104	0.0058943	0.000471784	-0.000157812	-0.0299455	
23.7534	0.00466064	0.00506869	0.000445402	-0.000156799	-0.0285616	
23.881	0.00526883	0.00446925	0.000425385	-0.000157099	-0.0275088	
23.9642	0.00562481	0.0040911	0.00041229	-0.000157977	-0.0269102	
24	0.00576856	0.00393056	0.000406609	-0.00015917	-0.0267759	
24	0.00576856	0.00393056	0.000406609	-0.00015917	-0.0267759	
24.0358	0.00590658	0.00377185	0.000400879	-0.000160405	-0.0263323	
24.119	0.00620534	0.00341318	0.000387493	-0.000161104	-0.0254629	
24.2466	0.00660689	0.00288595	0.000366969	-0.000160523	-0.024282	
24.4145	0.00703587	0.00223256	0.000340142	-0.000158889	-0.0227206	
24.6172	0.00741364	0.00150471	0.000308261	-0.000155392	-0.0208455	
24.8484	0.00767309	0.000754144	0.00027285	-0.000151072	-0.0187889	
25.1005	0.00776974	2.86923e-05	0.000235349	-0.000146395	-0.0165792	
25.3654	0.00768759	-0.000631875	0.000197241	-0.000141386	-0.014334	
25.6346	0.00743859	-0.00120076	0.000159775	-0.000136957	-0.0121121	
25.8995	0.00705729	-0.00166162	0.000124128	-0.000131987	-0.00994385	
26.1516	0.0065925	-0.00201222	9.14823e-05	-0.000127153	-0.00797419	
26.3828	0.00609728	-0.00226136	6.25718e-05	-0.000122856	-0.00618013	
26.5855	0.00562147	-0.00242319	3.81477e-05	-0.000117906	-0.00462653	
26.7534	0.00520619	-0.00251879	1.8712e-05	-0.000113618	-0.00338648	
26.881	0.00488148	-0.0025676	4.48308e-06	-0.000109012	-0.00234362	
26.9642	0.00466699	-0.00258814	-4.41914e-06	-0.000105147	-0.00180983	
27	0.0045741	-0.00259551	-8.17134e-06	-0.000104461	-0.00180841	
27	0.0045741	-0.00259551	-8.17134e-06	-0.000104461	-0.00180841	
27.0358	0.00448099	-0.0025993	-1.18773e-05	-0.000101597	-0.000772667	
27.119	0.00426468	-0.00260154	-1.99713e-05	-9.46485e-05	-0.000794343	
27.2466	0.00393248	-0.00260382	-3.21367e-05	-9.62077e-05	-0.000166925	
27.4145	0.00349749	-0.00257187	-4.76983e-05	-8.747e-05	0.00127468	
27.6172	0.00298264	-0.00250384	-6.48052e-05	-8.44723e-05	0.00185884	
27.8484	0.00241622	-0.00238616	-8.44639e-05	-8.21246e-05	0.00360251	
28.1005	0.00183864	-0.00218791	-0.000102939	-6.55341e-05	0.00491572	
28.3654	0.00129105	-0.00193782	-0.000119507	-5.91145e-05	0.00614654	
28.6346	0.000811872	-0.00160697	-0.000131885	-2.76357e-05	0.00813979	
28.8995	0.0004357	-0.00122948	-0.000134107	8.95012e-06	0.00878161	
29.1516	0.000174446	-0.000832001	-0.000126332	6.13385e-05	0.0104395	
29.3828	2.94154e-05	-0.000423408	-0.000102672	0.000143052	0.0104195	
29.5855	-2.36412e-05	-0.000110855	-6.84237e-05	0.000190843	0.00856952	
29.7534	-2.37351e-05	9.8199e-05	-3.35521e-05	0.000220186	0.00579471	
29.881	-7.11832e-06	0.000126514	-8.04029e-06	0.000152857	-0.00431303	
29.9642	-3.56777e-07	2.73024e-05	-3.70428e-07	2.86506e-05	-0.00763961	
30	1.08109e-17	-1.07545e-16	-5.70312e-18	2.72226e-18	2.72593e-09	
