0	0.7	-4.0	-3.1415	2.09433	129.691
0.0358417	0.562891	-3.79112	-3.07625	1.69054	-17.7334
0.119026	0.242968	-3.72458	-2.95	1.17101	45.5625
0.24661	-0.157079	-2.64882	-2.90641	-0.30322	25.0032
0.414481	-0.57565	-2.28622	-2.99402	-0.744029	33.8303
0.617243	-0.831142	-0.0189872	-3.29717	-2.21023	70.7024
0.848377	-0.654792	1.08936	-3.74801	-1.19046	6.07583
1.10046	-0.273015	2.27092	-3.8783	-0.172494	43.7869
1.36538	0.336416	0.968878	-3.69087	2.36749	-135.258
1.63462	-0.481428	-7.30709	-2.48234	5.76652	-173.342
1.89954	-2.95946	-9.71398	-1.25222	2.85006	51.8306
2.15162	-4.98022	-6.1247	-0.848623	0.979963	85.4012
2.38276	-6.0845	-3.66168	-0.625297	0.898775	50.1876
2.58552	-6.66839	-2.14953	-0.475468	0.627424	40.2589
2.75339	-6.94582	-1.21057	-0.372376	0.584603	28.7251
2.88097	-7.06463	-0.669825	-0.305724	0.465733	23.4762
2.96416	-7.10778	-0.375205	-0.268495	0.429095	20.2521
3	-7.11915	-0.260319	-0.253555	0.40469	19.2539
3	-7.11915	-0.260319	-0.253555	0.40469	19.2539
3.03584	-7.12652	-0.152084	-0.239402	0.385045	18.025
3.11903	-7.12955	0.073714	-0.209225	0.341064	15.6103
3.24661	-7.10104	0.362824	-0.169624	0.281375	12.6184
3.41448	-7.0141	0.658805	-0.127998	0.217065	9.54445
3.61724	-6.85256	0.919583	-0.0902913	0.158022	6.84613
3.84838	-6.61468	1.12523	-0.0595581	0.110994	4.70433
4.10046	-6.31112	1.27207	-0.0361792	0.0768979	3.08667
4.36538	-5.96051	1.36639	-0.0191004	0.0537847	1.92044
4.63462	-5.58478	1.41841	-0.00679129	0.038695	1.07328
4.89954	-5.2058	1.43823	0.00204538	0.0286443	0.45934
5.15162	-4.84318	1.4358	0.00838441	0.022028	0.0179519
5.38276	-4.51299	1.41932	0.012924	0.0174133	-0.311921
5.58552	-4.22746	1.39588	0.0161126	0.0141746	-0.540267
5.75339	-3.99513	1.37135	0.018305	0.0119845	-0.706247
5.88097	-3.82151	1.34991	0.0197331	0.010428	-0.81563
5.96416	-3.70984	1.3349	0.0205638	0.00956784	-0.873606
6	-3.66211	1.32818	0.0209003	0.00920127	-0.910939
6	-3.66211	1.32818	0.0209003	0.00920127	-0.910939
6.03584	-3.61463	1.32128	0.0212231	0.00881773	-0.932128
6.11903	-3.5054	1.3048	0.0219225	0.00801057	-0.986056
6.24661	-3.34061	1.27823	0.02287	0.00685445	-1.06446
6.41448	-3.12911	1.24117	0.0239022	0.00547255	-1.15151
6.61724	-2.8822	1.19384	0.0248601	0.00400709	-1.23807
6.84838	-2.61277	1.1372	0.0256125	0.00253683	-1.3145
7.10046	-2.33413	1.07317	0.0260736	0.00115841	-1.37316
7.36538	-2.05892	1.00437	0.0262124	-7.80909e-05	-1.41175
7.63462	-1.79798	0.933838	0.0260441	-0.00113906	-1.42921
7.89954	-1.55976	0.864695	0.0256242	-0.00200551	-1.4287
8.15162	-1.35	0.799766	0.0250288	-0.00269701	-1.41432
8.38276	-1.17192	0.741423	0.0243432	-0.00321843	-1.39059
8.58552	-1.02667	0.691443	0.0236508	-0.00360103	-1.36335
8.75339	-0.914001	0.651054	0.0230231	-0.00386935	-1.33623
8.88097	-0.832859	0.621023	0.0225181	-0.00404294	-1.31373
8.96416	-0.782002	0.601764	0.0221774	-0.00414889	-1.29825
9	-0.760582	0.593549	0.0220279	-0.00418996	-1.29051
9	-0.760582	0.593549	0.0220279	-0.00418996	-1.29051
9.03584	-0.739454	0.585388	0.0218771	-0.00422658	-1.28334
9.11903	-0.69154	0.566646	0.0215222	-0.00430506	-1.2663
9.24661	-0.621051	0.538454	0.0209661	-0.00440952	-1.2392
9.41448	-0.533703	0.502409	0.0202161	-0.00452087	-1.2019
9.61724	-0.436111	0.460517	0.0192889	-0.00461839	-1.15465
9.84838	-0.334974	0.415029	0.0182131	-0.00468174	-1.09846
10.1005	-0.236314	0.368238	0.0170298	-0.00469841	-1.03531
10.3654	-0.144922	0.32227	0.0157884	-0.00466586	-0.967786
10.6346	-0.0640631	0.278923	0.0145417	-0.004587	-0.898766
10.8995	0.00454408	0.239562	0.0133411	-0.0044716	-0.83132
11.1516	0.0605261	0.205079	0.0122307	-0.0043341	-0.768157
11.3828	0.104515	0.175945	0.0112455	-0.00418806	-0.711485
11.5855	0.137762	0.152287	0.0104104	-0.00404752	-0.663051
11.7534	0.161775	0.134004	0.00974121	-0.00392415	-0.623919
11.881	0.178028	0.120879	0.0092468	-0.00382562	-0.594795
11.9642	0.18774	0.112671	0.00893129	-0.00376016	-0.576294
12	0.191716	0.109218	0.00879702	-0.00373258	-0.568541
12	0.191716	0.109218	0.00879702	-0.00373258	-0.568541
12.0358	0.19557	0.105814	0.00866373	-0.00370494	-0.560558
12.119	0.204049	0.0981036	0.00835822	-0.00364057	-0.542615
12.2466	0.215837	0.0867848	0.00790001	-0.00354177	-0.515336
12.4145	0.229218	0.0728118	0.00731691	-0.00340393	-0.480283
12.6172	0.242382	0.0572722	0.00664388	-0.00323522	-0.439917
12.8484	0.253735	0.0412579	0.00591823	-0.00304294	-0.39588
13.1005	0.262139	0.0257496	0.00517815	-0.00282906	-0.350636
13.3654	0.267029	0.0114987	0.00445779	-0.00261061	-0.306414
13.6346	0.2684	-0.000988288	0.00378434	-0.00239176	-0.264501
13.8995	0.266713	-0.0114636	0.00317885	-0.00218127	-0.226681
14.1516	0.262729	-0.019908	0.00265306	-0.00199148	-0.19353
14.3828	0.257351	-0.0264469	0.0022126	-0.00182028	-0.165406
14.5855	0.251482	-0.031315	0.00185817	-0.00167759	-0.142845
14.7534	0.245927	-0.034778	0.00158605	-0.00156438	-0.12517
14.881	0.24134	-0.037084	0.00139199	-0.00147793	-0.112525
14.9642	0.238198	-0.0384462	0.0012713	-0.00142413	-0.104768
15	0.23681	-0.0389995	0.00122067	-0.00140102	-0.101263
15	0.23681	-0.0389995	0.00122067	-0.00140102	-0.101263
15.0358	0.235402	-0.0395328	0.00117088	-0.00137776	-0.0981108
15.119	0.232065	-0.040697	0.00105845	-0.00132551	-0.0907662
15.2466	0.226768	-0.0422885	0.000894346	-0.00124745	-0.079974
15.4145	0.219517	-0.0440456	0.000693228	-0.00114955	-0.0667019
15.6172	0.21041	-0.0456938	0.000471654	-0.00103685	-0.0518846
15.8484	0.199687	-0.0469985	0.000246186	-0.000915663	-0.0367041
16.1005	0.187726	-0.0478028	3.09281e-05	-0.000793787	-0.0220203
16.3654	0.175018	-0.048038	-0.000163398	-0.000674806	-0.00852175
16.6346	0.162114	-0.0477277	-0.000330024	-0.000564942	0.00320103
16.8995	0.149562	-0.0469649	-0.000466557	-0.000467213	0.0130643
17.1516	0.137853	-0.0458842	-0.00057343	-0.000382214	0.0209627
17.3828	0.127386	-0.0446423	-0.000653616	-0.000312996	0.0270176
17.5855	0.11846	-0.0433877	-0.000711401	-0.000257685	0.0315662
17.7534	0.11127	-0.0422514	-0.000751108	-0.000216317	0.0346925
17.881	0.105937	-0.0413391	-0.000776917	-0.000188699	0.0367799
17.9642	0.102524	-0.0407236	-0.000791899	-0.000171599	0.0380521
18	0.101069	-0.040454	-0.000797923	-0.000164649	0.0384881
18	0.101069	-0.040454	-0.000797923	-0.000164649	0.0384881
18.0358	0.0996243	-0.0401816	-0.000803701	-0.000157706	0.0391133
18.119	0.0963085	-0.039538	-0.000816102	-0.000140306	0.0403464
18.2466	0.0913284	-0.0385257	-0.000832316	-0.00011422	0.0418716
18.4145	0.0849754	-0.0371566	-0.00084884	-8.31615e-05	0.043559
18.6172	0.077613	-0.0354577	-0.000862154	-4.86347e-05	0.0452011
18.8484	0.0696454	-0.03348	-0.000869239	-1.3564e-05	0.0464794
19.1005	0.0614806	-0.0312974	-0.000868441	1.90959e-05	0.0473027
19.3654	0.053494	-0.0289984	-0.000859326	4.89921e-05	0.047616
19.6346	0.0459989	-0.0266806	-0.000842599	7.43704e-05	0.0473796
19.8995	0.0392287	-0.024439	-0.000820083	9.50832e-05	0.0467422
20.1516	0.0333318	-0.0223563	-0.000793929	0.000111882	0.0457834
20.3828	0.0283799	-0.0205014	-0.00076659	0.000124256	0.0446452
20.5855	0.0243839	-0.0189224	-0.000740402	0.000134053	0.04354
20.7534	0.0213145	-0.0176519	-0.000717222	0.000142032	0.0425106
20.881	0.0191227	-0.0167104	-0.000698734	0.000147788	0.0416814
20.9642	0.0177578	-0.0161077	-0.000686273	0.000151907	0.041161
21	0.0171851	-0.0158506	-0.000680794	0.000153867	0.040927
21	0.0171851	-0.0158506	-0.000680794	0.000153867	0.040927
21.0358	0.0166215	-0.0155958	-0.00067525	0.000155359	0.0405195
21.119	0.0153485	-0.0150134	-0.000662246	0.000157091	0.0397916
21.2466	0.013489	-0.0141407	-0.000642072	0.000159146	0.0387749
21.4145	0.0112089	-0.0130309	-0.000615171	0.000161135	0.0373593
21.6172	0.00869769	-0.0117503	-0.000582375	0.000162213	0.0356235
21.8484	0.00614289	-0.0103706	-0.000544824	0.000162521	0.0336032
22.1005	0.00370805	-0.00896476	-0.000503985	0.000161219	0.0313533
22.3654	0.00151661	-0.00759817	-0.000461607	0.000158547	0.0289961
22.6346	-0.000355115	-0.0063245	-0.000419413	0.000154628	0.0266015
22.8995	-0.00187698	-0.00518295	-0.000379102	0.000149564	0.0242875
23.1516	-0.00305716	-0.00419659	-0.000342077	0.000144059	0.0221335
23.3828	-0.00393074	-0.00337562	-0.000309452	0.000138076	0.0201992
23.5855	-0.00454763	-0.00271902	-0.000282046	0.000132156	0.0185546
23.7534	-0.00496158	-0.0022192	-0.000260322	0.000126476	0.0172074
23.881	-0.0052219	-0.00186535	-0.000244501	0.000121458	0.0162143
23.9642	-0.0053679	-0.00164639	-0.000234543	0.000117896	0.0155617
24	-0.00542527	-0.00155507	-0.000230349	0.000116079	0.0152386
24	-0.00542527	-0.00155507	-0.000230349	0.000116079	0.0152386
24.0358	-0.00547939	-0.00146519	-0.000226219	0.000114461	0.0150931
24.119	-0.00559274	-0.0012615	-0.000216811	0.000111812	0.0145601
24.2466	-0.00573456	-0.000964808	-0.000202799	0.000107857	0.0137099
24.4145	-0.00586564	-0.000601828	-0.000185083	0.000103362	0.0126665
24.6172	-0.00594656	-0.000203739	-0.000164643	9.81812e-05	0.0114113
24.8484	-0.00594617	0.000198374	-0.000142647	9.22867e-05	0.0100822
25.1005	-0.00584696	0.000578887	-0.000120086	8.67763e-05	0.00871094
25.3654	-0.00564751	0.000916516	-9.787e-05	8.09651e-05	0.00734086
25.6346	-0.00536136	0.00119939	-7.67729e-05	7.59499e-05	0.00606258
25.8995	-0.00501293	0.00142195	-5.7253e-05	7.13406e-05	0.00484121
26.1516	-0.00463297	0.00158528	-3.98148e-05	6.72331e-05	0.00377983
26.3828	-0.00425295	0.00169705	-2.45935e-05	6.4503e-05	0.00283976
26.5855	-0.00390147	0.00176534	-1.17968e-05	6.16924e-05	0.00203013
26.7534	-0.00360174	0.00180291	-1.57778e-06	6.03187e-05	0.00144749
26.881	-0.00337051	0.00182	6.06713e-06	5.93068e-05	0.000916073
26.9642	-0.00321886	0.00182573	1.09586e-05	5.85835e-05	0.000748953
27	-0.00315338	0.00182846	1.30736e-05	5.9757e-05	0.000967403
27	-0.00315338	0.00182846	1.30736e-05	5.9757e-05	0.000967403
27.0358	-0.00308782	0.00182908	1.52221e-05	5.94683e-05	0.000148835
27.119	-0.00293585	0.00182479	2.0008e-05	5.64355e-05	0.000107084
27.2466	-0.00270339	0.00181784	2.73645e-05	5.896e-05	-0.000253097
27.4145	-0.00240048	0.00178667	3.69956e-05	5.44393e-05	-0.00118958
27.6172	-0.00204378	0.00173012	4.76652e-05	5.28448e-05	-0.00154748
27.8484	-0.00165339	0.0016409	6.00208e-05	5.18046e-05	-0.00264673
28.1005	-0.00125691	0.00149951	7.1703e-05	4.16093e-05	-0.00346914
28.3654	-0.000882068	0.00132508	8.23154e-05	3.81962e-05	-0.0042539
28.6346	-0.000554592	0.00109783	9.03291e-05	1.78063e-05	-0.0055682
28.8995	-0.000297616	0.000839897	9.16797e-05	-6.42583e-06	-0.00599926
29.1516	-0.000119146	0.000568371	8.63222e-05	-4.19857e-05	-0.00712975
29.3828	-2.00602e-05	0.000289306	7.01567e-05	-9.7701e-05	-0.00712013
29.5855	1.61766e-05	7.55469e-05	4.67492e-05	-0.000130532	-0.00586256
29.7534	1.62041e-05	-6.72344e-05	2.29004e-05	-0.000150485	-0.00394587
29.881	4.85261e-06	-8.62978e-05	5.48095e-06	-0.000104256	0.00295197
29.9642	2.43013e-07	-1.85989e-05	2.5231e-07	-1.95172e-05	0.00520575
30	-4.15522e-17	5.08613e-16	2.96284e-17	-1.54186e-17	-1.85611e-09
