0	0.7	1.33333	3.1415	-3.1415	92.5039	
0.0358417	0.748723	1.21994	3.03364	-2.71131	-81.0321	
0.119026	0.806487	0.347305	2.87815	-1.24454	-19.1162	
0.24661	0.839417	0.0452662	2.77463	-0.293056	-46.3557	
0.414481	0.682216	-1.97915	2.91502	1.82467	-61.6458	
0.617243	0.183763	-2.59585	3.29057	1.46149	-5.37649	
0.848377	-0.533069	-3.93048	3.58062	1.25273	-46.6417	
1.10046	-1.49203	-2.23966	3.63937	-1.75965	151.496	
1.36538	-0.969865	6.33321	2.50074	-5.83841	177.248	
1.63462	1.32265	9.02054	1.23776	-2.82383	-43.9852	
1.89954	3.26672	5.36575	0.827442	-0.976979	-88.5467	
2.15162	4.23978	2.67772	0.57136	-0.947805	-43.9809	
2.38276	4.6896	1.26588	0.403895	-0.577121	-34.8891	
2.58552	4.83664	0.250998	0.283178	-0.590371	-23.0448	
2.75339	4.83784	-0.188632	0.202115	-0.370387	-13.231	
2.88097	4.79443	-0.503192	0.157455	-0.351145	-15.3435	
2.96416	4.74593	-0.635872	0.130222	-0.28301	-4.72104	
3	4.72256	-0.676855	0.120744	-0.255595	-13.8945	
3	4.72256	-0.676855	0.120744	-0.255595	-13.8945	
3.03584	4.69704	-0.742877	0.111524	-0.255241	-9.59565	
3.11903	4.63085	-0.841593	0.0917904	-0.216541	-6.39887	
3.24661	4.51572	-0.960555	0.0675053	-0.169329	-5.53645	
3.41448	4.34377	-1.07835	0.0425197	-0.128621	-3.48218	
3.61724	4.11653	-1.15466	0.0212101	-0.0843219	-1.92619	
3.84838	3.84361	-1.20129	0.00513661	-0.057976	-1.01491	
4.10046	3.53889	-1.20884	-0.00671851	-0.0359716	0.0629263	
4.36538	3.22133	-1.18638	-0.0139393	-0.0212613	0.405222	
4.63462	2.90633	-1.15028	-0.0188923	-0.0152006	0.842499	
4.89954	2.60849	-1.09638	-0.0217291	-0.00669676	1.10381	
5.15162	2.33879	-1.04374	-0.0231634	-0.00561684	1.09776	
5.38276	2.1036	-0.989516	-0.0242031	-0.00232094	1.37174	
5.58552	1.90813	-0.939529	-0.0243414	-0.000247287	1.23051	
5.75339	1.75363	-0.90055	-0.0244993	-0.00100351	1.3629	
5.88097	1.64086	-0.867145	-0.0244571	0.00166276	1.39678	
5.96416	1.56955	-0.847882	-0.0243367	0.000700146	1.18125	
6	1.53931	-0.83929	-0.024318	0.000693802	1.54814	
6	1.53931	-0.83929	-0.024318	0.000693802	1.54814	
6.03584	1.5094	-0.829815	-0.0242754	0.00152451	1.39672	
6.11903	1.44122	-0.809534	-0.0241355	0.00168671	1.32218	
6.24661	1.33991	-0.778526	-0.0239072	0.00202857	1.35549	
6.41448	1.21265	-0.737734	-0.0235019	0.00269846	1.33132	
6.61724	1.06795	-0.689751	-0.0229277	0.00296722	1.30997	
6.84838	0.914761	-0.635991	-0.022176	0.00355746	1.28821	
7.10046	0.761621	-0.579468	-0.0212306	0.00385735	1.23589	
7.36538	0.615693	-0.522577	-0.020183	0.00410404	1.19426	
7.63462	0.482493	-0.467379	-0.0190312	0.00439234	1.13316	
7.89954	0.365507	-0.416308	-0.0178691	0.00437849	1.07238	
8.15162	0.266413	-0.37033	-0.0167492	0.00452178	1.01803	
8.38276	0.185442	-0.330763	-0.0157041	0.00447194	0.954873	
8.58552	0.12172	-0.298037	-0.014806	0.00442704	0.912684	
8.75339	0.0738742	-0.272232	-0.0140589	0.00444221	0.866517	
8.88097	0.0403381	-0.253607	-0.0135005	0.00430953	0.834233	
8.96416	0.0197359	-0.241756	-0.0131424	0.0043201	0.822726	
9	0.0111611	-0.236748	-0.0129874	0.00431545	0.802374	
9	0.0111611	-0.236748	-0.0129874	0.00431545	0.802374	
9.03584	0.00276397	-0.231825	-0.0128334	0.00428105	0.79816	
9.11903	-0.0160502	-0.220569	-0.0124788	0.00424942	0.780191	
9.24661	-0.0431194	-0.203889	-0.0119401	0.00418893	0.748426	
9.41448	-0.0755779	-0.183016	-0.0112453	0.00408986	0.70899	
9.61724	-0.11026	-0.159369	-0.010428	0.00396878	0.661723	
9.84838	-0.144178	-0.134479	-0.00952949	0.00380246	0.609006	
10.1005	-0.174906	-0.109728	-0.00859459	0.00361554	0.554298	
10.3654	-0.200814	-0.0862917	-0.00766365	0.00340922	0.498787	
10.6346	-0.221131	-0.0650404	-0.00677528	0.00319077	0.445754	
10.8995	-0.235854	-0.0464918	-0.00595751	0.0029829	0.3965	
11.1516	-0.245567	-0.0308963	-0.00523116	0.00277931	0.352189	
11.3828	-0.251217	-0.0182364	-0.0046098	0.00259949	0.314421	
11.5855	-0.253893	-0.00834399	-0.00409833	0.00244427	0.282658	
11.7534	-0.254664	-0.000971683	-0.00369915	0.00231206	0.257864	
11.881	-0.254456	0.00416635	-0.00341034	0.00221559	0.23983	
11.9642	-0.253978	0.00730171	-0.00322878	0.00214776	0.227618	
12	-0.253693	0.00859887	-0.00315239	0.0021149	0.222321	
12	-0.253693	0.00859887	-0.00315239	0.0021149	0.222321	
12.0358	-0.253362	0.00986788	-0.00307716	0.00208373	0.218329	
12.119	-0.252422	0.0127115	-0.00290648	0.00202105	0.20801	
12.2466	-0.250537	0.0167847	-0.00265453	0.00192868	0.192097	
12.4145	-0.247304	0.0216338	-0.00234068	0.00181165	0.172352	
12.6172	-0.242385	0.0267623	-0.00198712	0.00167616	0.1498	
12.8484	-0.23561	0.0317003	-0.00161728	0.00152506	0.126022	
13.1005	-0.227046	0.03608	-0.00125272	0.00136883	0.102426	
13.3654	-0.216992	0.0396594	-0.000911019	0.00121192	0.0799866	
13.6346	-0.205933	0.0423393	-0.00060517	0.00106201	0.0597679	
13.8995	-0.19446	0.0441454	-0.000342128	0.00092517	0.0421036	
14.1516	-0.183187	0.0451894	-0.000124564	0.000802479	0.0273001	
14.3828	-0.172681	0.0456431	4.88311e-05	0.000699459	0.015407	
14.5855	-0.163417	0.0456922	0.000182041	0.000615393	0.00611082	
14.7534	-0.155758	0.0455162	0.000279936	0.000552426	-0.000586223	
14.881	-0.149966	0.0452673	0.000347706	0.0005106	-0.00525369	
14.9642	-0.146209	0.0450548	0.000389103	0.000485007	-0.008088	
15	-0.144596	0.0449525	0.000406307	0.000475267	-0.00902948	
15	-0.144596	0.0449525	0.000406307	0.000475267	-0.00902948	
15.0358	-0.142987	0.0448429	0.000423166	0.000465065	-0.0106694	
15.119	-0.139268	0.0445571	0.000460692	0.000436772	-0.0136622	
15.2466	-0.133615	0.0440504	0.000513668	0.000394302	-0.0175174	
15.4145	-0.126284	0.0432711	0.000575471	0.000342527	-0.0221679	
15.6172	-0.117618	0.0421789	0.000638939	0.000284515	-0.0270267	
15.8484	-0.10803	0.0407654	0.000697787	0.000225877	-0.0316717	
16.1005	-0.0979657	0.0390562	0.000747363	0.000168455	-0.0358356	
16.3654	-0.0878734	0.0371139	0.000784767	0.000115226	-0.039209	
16.6346	-0.0781592	0.0350286	0.00080932	6.81232e-05	-0.0417741	
16.8995	-0.0691598	0.0329026	0.000821825	2.72383e-05	-0.0435149	
17.1516	-0.061125	0.0308414	0.000824375	-6.18303e-06	-0.0445287	
17.3828	-0.0542163	0.0289385	0.000819745	-3.34485e-05	-0.0450211	
17.5855	-0.0485178	0.027272	0.00081074	-5.49433e-05	-0.0450962	
17.7534	-0.0440548	0.0259015	0.000800145	-7.11593e-05	-0.0449768	
17.881	-0.0408162	0.0248682	0.000790295	-8.31825e-05	-0.0447686	
17.9642	-0.0387754	0.0242	0.000783069	-9.03948e-05	-0.0445234	
18	-0.0379131	0.0239137	0.000779778	-9.32156e-05	-0.0444049	
18	-0.0379131	0.0239137	0.000779778	-9.32156e-05	-0.0444049	
18.0358	-0.0370611	0.0236286	0.00077639	-9.577e-05	-0.0442383	
18.119	-0.035123	0.0229715	0.000768207	-0.000100867	-0.0439098	
18.2466	-0.0322559	0.0219756	0.000754873	-0.000108104	-0.0434083	
18.4145	-0.0286752	0.0206887	0.000735971	-0.000116913	-0.042632	
18.6172	-0.0246347	0.0191741	0.000711324	-0.000125891	-0.0415422	
18.8484	-0.0203969	0.0175062	0.00068124	-0.000134078	-0.0401402	
19.1005	-0.0162052	0.0157645	0.00064657	-0.000140563	-0.0384403	
19.3654	-0.0122612	0.0140269	0.000608715	-0.000144849	-0.0365194	
19.6346	-0.00871086	0.0123626	0.000569364	-0.000147117	-0.0344667	
19.8995	-0.00564131	0.0108279	0.000530307	-0.00014744	-0.0323768	
20.1516	-0.00308576	0.00946343	0.000493257	-0.000146337	-0.0303637	
20.3828	-0.00103506	0.00829426	0.000459641	-0.000144385	-0.028508	
20.5855	0.000548221	0.0073328	0.000430601	-0.00014197	-0.0268889	
20.7534	0.00171556	0.00658138	0.000406953	-0.000139769	-0.0255698	
20.881	0.00252026	0.00603691	0.000389231	-0.000138015	-0.0245719	
20.9642	0.00300811	0.0056941	0.000377798	-0.000136894	-0.0239469	
21	0.0032096	0.00554918	0.000372898	-0.000136563	-0.023705	
21	0.0032096	0.00554918	0.000372898	-0.000136563	-0.023705	
21.0358	0.00340592	0.00540602	0.000368009	-0.000136223	-0.023398	
21.119	0.00384203	0.00508098	0.000356726	-0.000134981	-0.0227314	
21.2466	0.00445943	0.00460122	0.000339648	-0.000132681	-0.0217405	
21.4145	0.00518117	0.00400395	0.000317663	-0.00012916	-0.0204516	
21.6172	0.00592407	0.00333282	0.000291953	-0.000124383	-0.0189398	
21.8484	0.00661215	0.00263242	0.000263863	-0.000118626	-0.0172768	
22.1005	0.00718733	0.00194378	0.000234783	-0.000112059	-0.01554	
22.3654	0.00761527	0.00130024	0.000206026	-0.000105028	-0.0138095	
22.6346	0.00788624	0.000725525	0.000178721	-9.77854e-05	-0.012149	
22.8995	0.00801168	0.000233113	0.000153763	-9.0647e-05	-0.0106194	
23.1516	0.00801805	-0.000172729	0.000131762	-8.38997e-05	-0.00925602	
23.3828	0.00794003	-0.000494715	0.000113088	-7.76919e-05	-0.00808727	
23.5855	0.00781425	-0.000740404	9.78826e-05	-7.22954e-05	-0.00712572	
23.7534	0.00767464	-0.000919289	8.6128e-05	-6.77163e-05	-0.0063672	
23.881	0.00754945	-0.00104119	7.77146e-05	-6.41787e-05	-0.00582445	
23.9642	0.00745976	-0.0011144	7.24725e-05	-6.18179e-05	-0.00546471	
24	0.00741928	-0.00114431	7.02774e-05	-6.06412e-05	-0.00528538	
24	0.00741928	-0.00114431	7.02774e-05	-6.06412e-05	-0.00528538	
24.0358	0.00737774	-0.00117339	6.81249e-05	-5.95189e-05	-0.00518939	
24.119	0.00727742	-0.00123809	6.3265e-05	-5.73524e-05	-0.00488643	
24.2466	0.00711356	-0.00132896	5.6156e-05	-5.41218e-05	-0.00442951	
24.4145	0.00688139	-0.00143442	4.73869e-05	-5.04692e-05	-0.00388316	
24.6172	0.00657932	-0.00154162	3.75602e-05	-4.64726e-05	-0.00324649	
24.8484	0.00621128	-0.0016388	2.73168e-05	-4.22886e-05	-0.00259466	
25.1005	0.00578768	-0.00171753	1.71496e-05	-3.84376e-05	-0.00193957	
25.3654	0.00532485	-0.00177194	7.48302e-06	-3.46048e-05	-0.00131045	
25.6346	0.00484329	-0.00180102	-1.39711e-06	-3.15124e-05	-0.000746874	
25.8995	0.00436499	-0.00180611	-9.39437e-06	-2.88579e-05	-0.000220292	
26.1516	0.00391122	-0.0017912	-1.63818e-05	-2.6749e-05	0.000217791	
26.3828	0.00350024	-0.00176256	-2.24242e-05	-2.55696e-05	0.000603245	
26.5855	0.00314642	-0.00172574	-2.74961e-05	-2.44992e-05	0.000926509	
26.7534	0.00285978	-0.00168828	-3.15886e-05	-2.44389e-05	0.00114716	
26.881	0.00264644	-0.00165534	-3.47133e-05	-2.44042e-05	0.00137889	
26.9642	0.00250972	-0.00163176	-3.67351e-05	-2.44146e-05	0.00140432	
27	0.00245141	-0.00162215	-3.76247e-05	-2.54422e-05	0.00122369	
27	0.00245141	-0.00162215	-3.76247e-05	-2.54422e-05	0.00122369	
27.0358	0.00239345	-0.00161129	-3.85447e-05	-2.54366e-05	0.00175466	
27.119	0.00226061	-0.00158287	-4.05663e-05	-2.37267e-05	0.00171217	
27.2466	0.0020613	-0.00154104	-4.37311e-05	-2.59235e-05	0.00184886	
27.4145	0.00180799	-0.00147451	-4.79437e-05	-2.33181e-05	0.0023523	
27.6172	0.00151793	-0.00138646	-5.24655e-05	-2.26703e-05	0.00243358	
27.8484	0.00120981	-0.00127607	-5.78602e-05	-2.24653e-05	0.00300151	
28.1005	0.000905815	-0.00113358	-6.26487e-05	-1.6018e-05	0.00337136	
28.3654	0.000626235	-0.00097503	-6.66932e-05	-1.43474e-05	0.00370445	
28.6346	0.000388091	-0.00078885	-6.91265e-05	-1.35079e-06	0.00440446	
28.8995	0.000205331	-0.00059071	-6.73299e-05	1.40248e-05	0.0045078	
29.1516	8.09334e-05	-0.000392287	-6.14609e-05	3.64037e-05	0.00509303	
29.3828	1.30568e-05	-0.000196156	-4.89111e-05	7.19804e-05	0.00494205	
29.5855	-1.1264e-05	-4.93979e-05	-3.21112e-05	9.18327e-05	0.00397602	
29.7534	-1.10323e-05	4.64933e-05	-1.55751e-05	0.000103091	0.00262241	
29.881	-3.28493e-06	5.8515e-05	-3.70998e-06	7.06709e-05	-0.002023	
29.9642	-1.64196e-07	1.25694e-05	-1.70477e-07	1.31899e-05	-0.00352005	
30	-2.96146e-18	2.81023e-17	1.54764e-18	-9.02967e-19	1.25345e-09	
