0	5.21797e-17	1.33333	5.14026e-19	3.61536e-18	43.848	
0.0358417	0.0584205	2.04229	0.0105291	0.692929	165.05	
0.119026	0.317448	4.00498	0.145905	2.33223	97.9651	
0.24661	0.914832	5.21384	0.492628	2.97551	52.8148	
0.414481	1.92331	6.72757	1.04902	3.57375	34.5083	
0.617243	3.22242	5.24511	1.7823	3.7326	-110.446	
0.848377	3.94856	1.54983	2.75984	4.48817	-34.1612	
1.10046	4.55717	4.77158	3.43641	-0.319168	176.608	
1.36538	6.96486	13.3441	2.49345	-5.44144	173.427	
1.63462	11.1462	16.0197	1.34965	-2.35939	-52.2371	
1.89954	14.7963	10.9834	1.02652	-0.789926	-130.514	
2.15162	17.0106	7.11473	0.819043	-0.695008	-59.8668	
2.38276	18.3889	4.68526	0.699916	-0.517448	-75.8466	
2.58552	19.0932	2.44412	0.55696	-0.783953	-44.9452	
2.75339	19.4269	1.59948	0.454821	-0.436043	-31.3096	
2.88097	19.5797	0.759434	0.395729	-0.53098	-38.5539	
2.96416	19.6278	0.478882	0.355209	-0.377469	-6.34385	
3	19.6438	0.381847	0.343342	-0.316331	-39.5844	
3	19.6438	0.381847	0.343342	-0.316331	-39.5844	
3.03584	19.6539	0.194359	0.33129	-0.34427	-26.3843	
3.11903	19.6576	-0.0888173	0.304735	-0.285388	-18.9365	
3.24661	19.6208	-0.493639	0.272818	-0.230243	-20.1962	
3.41448	19.4939	-1.00168	0.235812	-0.207017	-16.91	
3.61724	19.2393	-1.49513	0.198887	-0.160451	-14.3587	
3.84838	18.8346	-1.99697	0.163612	-0.149523	-12.7843	
4.10046	18.2734	-2.43287	0.128259	-0.125799	-9.60714	
4.36538	17.5804	-2.78955	0.0984087	-0.105861	-8.2853	
4.63462	16.7873	-3.08517	0.0701147	-0.101079	-6.15662	
4.89954	15.9429	-3.27699	0.0464921	-0.07783	-4.44191	
5.15162	15.0983	-3.41915	0.0274114	-0.0764208	-3.65347	
5.38276	14.2978	-3.495	0.0107014	-0.0638122	-1.8429	
5.58552	13.586	-3.52664	-0.000828247	-0.0543319	-1.70319	
5.75339	12.992	-3.54451	-0.0102528	-0.0554898	-0.655262	
5.88097	12.5404	-3.53304	-0.0165742	-0.043546	-0.112061	
5.96416	12.2467	-3.53066	-0.0202196	-0.0462029	-0.708275	
6	12.1202	-3.52745	-0.0218931	-0.0457984	0.831076	
6	12.1202	-3.52745	-0.0218931	-0.0457984	0.831076	
6.03584	11.9939	-3.52009	-0.023457	-0.0420925	0.35366	
6.11903	11.7016	-3.50708	-0.0268594	-0.0402804	0.315341	
6.24661	11.2557	-3.48073	-0.0318263	-0.0370446	0.815545	
6.41448	10.6752	-3.43414	-0.0375789	-0.0318835	1.18668	
6.61724	9.98556	-3.36573	-0.0436246	-0.0277441	1.63301	
6.84838	9.21834	-3.27011	-0.0493778	-0.0219713	2.10776	
7.10046	8.40884	-3.15032	-0.0542614	-0.017139	2.46087	
7.36538	7.5925	-3.01015	-0.0582128	-0.0125213	2.82587	
7.63462	6.80266	-2.85537	-0.0609261	-0.00790315	3.06601	
7.89954	6.06717	-2.69607	-0.0625941	-0.00473568	3.24575	
8.15162	5.40727	-2.53884	-0.0633615	-0.00132991	3.38303	
8.38276	4.83733	-2.39286	-0.0633863	0.000889913	3.41896	
8.58552	4.36516	-2.2643	-0.0630377	0.00268264	3.47466	
8.75339	3.99402	-2.15768	-0.0624417	0.00428692	3.46009	
8.88097	3.72384	-2.07763	-0.0618535	0.00492522	3.45063	
8.96416	3.55319	-2.02535	-0.0614148	0.00568853	3.47171	
9	3.481	-2.00297	-0.0612055	0.00594223	3.4142	
9	3.481	-2.00297	-0.0612055	0.00594223	3.4142	
9.03584	3.40961	-1.98076	-0.0609906	0.00607065	3.4302	
9.11903	3.24698	-1.92923	-0.0604644	0.00659482	3.42523	
9.24661	3.00585	-1.85093	-0.0595749	0.00731742	3.39031	
9.41448	2.70367	-1.74951	-0.0582785	0.0081205	3.34365	
9.61724	2.36114	-1.62964	-0.0565395	0.00900405	3.272	
9.84838	1.99988	-1.49715	-0.0543656	0.00976936	3.17379	
10.1005	1.64012	-1.3582	-0.0518163	0.0104335	3.05467	
10.3654	1.29891	-1.21896	-0.0489818	0.0109223	2.91323	
10.6346	0.988903	-1.08509	-0.045999	0.0112113	2.76087	
10.8995	0.718036	-0.961113	-0.0430051	0.0113648	2.60327	
11.1516	0.489851	-0.850522	-0.0401391	0.0113508	2.44832	
11.3828	0.304369	-0.755452	-0.0375248	0.0112627	2.30616	
11.5855	0.159221	-0.677046	-0.0352545	0.0111157	2.17915	
11.7534	0.0507609	-0.615655	-0.0334029	0.0109424	2.07594	
11.881	-0.024924	-0.571082	-0.0320153	0.0108059	1.99754	
11.9642	-0.0712559	-0.543003	-0.0311209	0.0106929	1.94561	
12	-0.090505	-0.531137	-0.0307386	0.0106446	1.92579	
12	-0.090505	-0.531137	-0.0307386	0.0106446	1.92579	
12.0358	-0.109331	-0.519406	-0.0303578	0.0106	1.90341	
12.119	-0.151423	-0.492722	-0.0294808	0.0104845	1.85295	
12.2466	-0.211749	-0.453241	-0.0281551	0.0102962	1.77695	
12.4145	-0.283653	-0.403914	-0.0264487	0.0100299	1.67822	
12.6172	-0.359834	-0.34822	-0.0244499	0.00968095	1.56179	
12.8484	-0.433462	-0.289753	-0.0222607	0.00925835	1.43328	
13.1005	-0.499079	-0.231847	-0.0199877	0.00877249	1.29861	
13.3654	-0.553131	-0.177259	-0.0177333	0.00824425	1.16396	
13.6346	-0.594089	-0.127995	-0.015587	0.00769765	1.0346	
13.8995	-0.622216	-0.0852628	-0.0136195	0.00715594	0.915019	
14.1516	-0.639109	-0.0495378	-0.0118802	0.00664457	0.808489	
14.3828	-0.647159	-0.020728	-0.0103981	0.00618167	0.716987	
14.5855	-0.64905	0.00164069	-0.00918519	0.00578375	0.64169	
14.7534	-0.647358	0.0182321	-0.00824136	0.00546195	0.582736	
14.881	-0.644288	0.0297346	-0.00755987	0.00522197	0.540005	
14.9642	-0.641521	0.0367415	-0.00713188	0.00506863	0.513123	
15	-0.640151	0.0396439	-0.00695138	0.00500312	0.501683	
15	-0.640151	0.0396439	-0.00695138	0.00500312	0.501683	
15.0358	-0.63868	0.0424768	-0.00677324	0.00493758	0.490384	
15.119	-0.634881	0.0487896	-0.00636881	0.00478628	0.46475	
15.2466	-0.628074	0.057782	-0.00577277	0.00455805	0.426892	
15.4145	-0.617464	0.0683998	-0.00503228	0.00426559	0.379627	
15.6172	-0.602439	0.079497	-0.00420218	0.00392469	0.32631	
15.8484	-0.582807	0.0900171	-0.00333831	0.00355344	0.270401	
16.1005	-0.558917	0.0991359	-0.00249136	0.00317011	0.215085	
16.3654	-0.531649	0.106343	-0.00170217	0.0027921	0.163013	
16.6346	-0.502281	0.111455	-0.000999157	0.00243442	0.116087	
16.8995	-0.472302	0.114573	-0.000397967	0.00210852	0.0754447	
17.1516	-0.443212	0.116	9.69855e-05	0.00182233	0.0415275	
17.3828	-0.416362	0.11616	0.000489832	0.00158014	0.0142157	
17.5855	-0.392863	0.115509	0.000790022	0.00138331	-0.00695507	
17.7534	-0.373554	0.114475	0.00100935	0.00123133	-0.022635	
17.881	-0.359013	0.11342	0.00115943	0.00112231	-0.0335012	
17.9642	-0.349611	0.112618	0.00124994	0.00105424	-0.0401006	
18	-0.345582	0.112246	0.00128721	0.00102574	-0.0428165	
18	-0.345582	0.112246	0.00128721	0.00102574	-0.0428165	
18.0358	-0.341565	0.111859	0.00132347	0.000997614	-0.0455279	
18.119	-0.3323	0.110903	0.00140378	0.000933431	-0.0515299	
18.2466	-0.318251	0.109292	0.00151678	0.000838703	-0.0600688	
18.4145	-0.300099	0.106927	0.00164757	0.000720874	-0.0701633	
18.6172	-0.278735	0.10375	0.00178017	0.000588887	-0.0807069	
18.8484	-0.255208	0.0997683	0.00190019	0.000452007	-0.090703	
19.1005	-0.230643	0.0950802	0.00199695	0.000318383	-0.0993647	
19.3654	-0.20614	0.0898634	0.00206455	0.000194709	-0.106206	
19.6346	-0.182682	0.084354	0.00210189	8.52649e-05	-0.111061	
19.8995	-0.161067	0.0788142	0.00211186	-7.58974e-06	-0.114016	
20.1516	-0.141869	0.0735006	0.00210015	-8.3381e-05	-0.115373	
20.3828	-0.125443	0.0686395	0.0020738	-0.00014313	-0.115526	
20.5855	-0.111955	0.0644137	0.00204009	-0.000188361	-0.114907	
20.7534	-0.101433	0.0609581	0.00200565	-0.000221376	-0.113939	
20.881	-0.093821	0.0583651	0.00197594	-0.000243935	-0.112936	
20.9642	-0.0890356	0.0566921	0.00195507	-0.000257622	-0.112213	
21	-0.0870166	0.0559755	0.00194573	-0.00026358	-0.111932	
21	-0.0870166	0.0559755	0.00194573	-0.00026358	-0.111932	
21.0358	-0.0850231	0.0552618	0.00193618	-0.000269448	-0.111524	
21.119	-0.0804947	0.0536176	0.00191324	-0.000281931	-0.110587	
21.2466	-0.0738131	0.0511299	0.00187615	-0.000299095	-0.109023	
21.4145	-0.0655	0.0479248	0.00182429	-0.000318187	-0.106713	
21.6172	-0.056166	0.044165	0.00175781	-0.000336751	-0.103629	
21.8484	-0.0464381	0.0400388	0.00167801	-0.000352877	-0.0997661	
22.1005	-0.0368911	0.0357449	0.00158743	-0.000364958	-0.095227	
22.3654	-0.0279927	0.031475	0.00148963	-0.000372588	-0.0901856	
22.6346	-0.020073	0.0273985	0.00138881	-0.000375552	-0.0848533	
22.8995	-0.0133167	0.0236508	0.00128937	-0.000374623	-0.0794999	
23.1516	-0.00777862	0.0203284	0.00119535	-0.000370854	-0.0743498	
23.3828	-0.00341184	0.0174901	0.00111025	-0.000365252	-0.0696365	
23.5855	-0.000104072	0.015162	0.00103677	-0.000359365	-0.0655344	
23.7534	0.00228747	0.0133476	0.000976915	-0.00035366	-0.062153	
23.881	0.00390613	0.0120361	0.000932087	-0.000349093	-0.0596333	
23.9642	0.00487291	0.0112121	0.000903174	-0.000345907	-0.0579295	
24	0.00526853	0.0108652	0.000890809	-0.00034394	-0.0570979	
24	0.00526853	0.0108652	0.000890809	-0.00034394	-0.0570979	
24.0358	0.00565181	0.0105228	0.00087852	-0.000341912	-0.0564819	
24.119	0.00649463	0.009745	0.000850251	-0.000337701	-0.0548402	
24.2466	0.00766422	0.00859887	0.000807611	-0.000330767	-0.0523859	
24.4145	0.00898677	0.00717315	0.000752757	-0.000322987	-0.0492682	
24.6172	0.0102769	0.00557462	0.00068821	-0.000313489	-0.0454941	
24.8484	0.0113701	0.00391271	0.000617026	-0.00030274	-0.0413795	
25.1005	0.0121474	0.00228704	0.000542047	-0.000292036	-0.0369773	
25.3654	0.0125497	0.00078368	0.000466305	-0.000279799	-0.0324955	
25.6346	0.0125779	-0.000540334	0.000392439	-0.000269277	-0.0281652	
25.8995	0.0122837	-0.00164918	0.000322422	-0.000259072	-0.023954	
26.1516	0.0117532	-0.00253249	0.000258321	-0.00025005	-0.0201752	
26.3828	0.0110879	-0.00320275	0.000201234	-0.000243844	-0.0167413	
26.5855	0.0103883	-0.00368059	0.000152479	-0.00023703	-0.013774	
26.7534	0.00974246	-0.00400358	0.000113012	-0.000233701	-0.0114935	
26.881	0.00921845	-0.00420369	8.33816e-05	-0.000229968	-0.00946556	
26.9642	0.00886415	-0.00431283	6.44105e-05	-0.000226955	-0.00868121	
27	0.00870874	-0.00435924	5.62403e-05	-0.000229853	-0.00916285	
27	0.00870874	-0.00435924	5.62403e-05	-0.000229853	-0.00916285	
27.0358	0.00855175	-0.00439846	4.79967e-05	-0.000228191	-0.00661965	
27.119	0.00818285	-0.00447108	2.9531e-05	-0.000218642	-0.00640429	
27.2466	0.00760535	-0.00457666	1.09673e-06	-0.00022724	-0.00496648	
27.4145	0.0068308	-0.00463542	-3.62183e-05	-0.000213006	-0.00160726	
27.6172	0.00589051	-0.00463155	-7.82425e-05	-0.000207983	-1.19361e-05	
27.8484	0.00482893	-0.00452841	-0.00012674	-0.000204387	0.00402176	
28.1005	0.00371968	-0.00425123	-0.00017379	-0.000171159	0.0072236	
28.3654	0.00264368	-0.00385091	-0.000217696	-0.000159322	0.0103186	
28.6346	0.00168199	-0.00325731	-0.000253214	-9.31369e-05	0.0151231	
28.8995	0.000913004	-0.00253623	-0.000266867	-1.35233e-05	0.0171064	
29.1516	0.000370073	-0.00174313	-0.000258038	0.000102364	0.021236	
29.3828	6.4341e-05	-0.000899821	-0.000213432	0.000283493	0.0217503	
29.5855	-4.92302e-05	-0.000241444	-0.000143914	0.000394148	0.0182145	
29.7534	-5.02389e-05	0.000205598	-7.10693e-05	0.000464061	0.0124685	
29.881	-1.51265e-05	0.000268533	-1.70867e-05	0.000324515	-0.00908704	
29.9642	-7.59185e-07	5.8087e-05	-7.88233e-07	6.09557e-05	-0.0162469	
30	-5.64347e-18	5.88048e-17	3.31719e-18	-1.83194e-18	5.80289e-09	
