0	6.26733e-18	5.53937e-17	1.04717	-3.43232e-18	-291.348	
0.0151178	-0.00524201	-0.683148	1.04552	-0.211366	-266.231	
0.0502046	-0.054211	-2.06714	1.03121	-0.580657	-223.172	
0.104019	-0.214057	-3.81189	0.989314	-0.946789	-180.914	
0.174826	-0.55198	-5.66648	0.91093	-1.24396	-146.325	
0.26035	-1.1167	-7.47444	0.793872	-1.47874	-118.278	
0.357841	-1.92884	-9.12164	0.640003	-1.667	-93.9827	
0.464166	-2.97616	-10.5131	0.454922	-1.80176	-71.447	
0.575908	-4.21353	-11.5651	0.249998	-1.84676	-48.9962	
0.689475	-5.56782	-12.2151	0.0438061	-1.76093	-26.5371	
0.801217	-6.94977	-12.4558	-0.142049	-1.54638	-5.61202	
0.907543	-8.27128	-12.3525	-0.291727	-1.26048	11.6189	
1.00503	-9.46111	-12.0238	-0.400784	-0.977141	24.084	
1.09056	-10.4719	-11.5943	-0.474135	-0.741869	32.3488	
1.16136	-11.2779	-11.1644	-0.520368	-0.567637	37.4282	
1.21518	-11.8692	-10.8041	-0.547698	-0.450303	40.3912	
1.25027	-12.2439	-10.5569	-0.562264	-0.380913	41.9622	
1.26538	-12.4027	-10.4479	-0.567809	-0.352743	42.5408	
1.26538	-12.4027	-10.4479	-0.567809	-0.352743	42.5408	
1.2805	-12.5598	-10.3376	-0.572935	-0.325598	43.0944	
1.31559	-12.918	-10.077	-0.583305	-0.266378	44.2022	
1.3694	-13.4493	-9.66752	-0.595408	-0.185351	45.4943	
1.44021	-14.1144	-9.11618	-0.605233	-0.0950501	46.572	
1.52573	-14.8652	-8.44082	-0.609448	-0.00700051	47.1154	
1.62322	-15.6505	-7.6704	-0.606163	0.0708926	46.9664	
1.72955	-16.4218	-6.84184	-0.595048	0.135079	46.1184	
1.84129	-17.1388	-5.99525	-0.577009	0.185274	44.6698	
1.95486	-17.7724	-5.16892	-0.55372	0.222926	42.7834	
2.0666	-18.3064	-4.39556	-0.527216	0.24999	40.6348	
2.17293	-18.7364	-3.70019	-0.499603	0.268327	38.399	
2.27042	-19.0675	-3.09955	-0.47285	0.279671	36.2312	
2.35594	-19.3112	-2.60296	-0.448651	0.285615	34.2583	
2.42675	-19.4816	-2.21376	-0.428336	0.287787	32.5926	
2.48056	-19.5931	-1.93147	-0.412843	0.28776	31.3033	
2.51565	-19.6577	-1.75375	-0.402759	0.286933	30.4645	
2.53077	-19.6837	-1.67869	-0.398425	0.286414	30.1217	
2.53077	-19.6837	-1.67869	-0.398425	0.286414	30.1217	
2.54588	-19.7085	-1.60461	-0.3941	0.285731	29.7079	
2.58097	-19.7618	-1.4363	-0.384109	0.283659	28.8875	
2.63479	-19.8324	-1.18779	-0.368953	0.279336	27.5628	
2.70559	-19.9054	-0.879288	-0.349458	0.270818	25.818	
2.79112	-19.9656	-0.533945	-0.326869	0.256669	23.7312	
2.88861	-20	-0.177357	-0.302887	0.234142	21.3283	
2.99493	-20	0.171469	-0.279534	0.20518	19.3501	
3.10668	-19.9618	0.508299	-0.258082	0.180383	18.1022	
3.22024	-19.8857	0.829096	-0.238574	0.164418	17.0358	
3.33198	-19.7763	1.12417	-0.220824	0.153837	15.9567	
3.43831	-19.6427	1.38619	-0.204889	0.146211	14.9728	
3.5358	-19.4965	1.61101	-0.190918	0.14055	14.0923	
3.62132	-19.3507	1.79627	-0.179091	0.136093	13.3308	
3.69213	-19.2184	1.94141	-0.169578	0.132631	12.7232	
3.74595	-19.111	2.04689	-0.162509	0.130126	12.2656	
3.78103	-19.038	2.1134	-0.157971	0.128493	11.9671	
3.79615	-19.0059	2.14153	-0.156034	0.1278	11.8509	
3.79615	-19.0059	2.14153	-0.156034	0.1278	11.8509	
3.81127	-18.9733	2.16934	-0.154107	0.127119	11.7219	
3.84636	-18.8961	2.23265	-0.149675	0.125531	11.4325	
3.90017	-18.7734	2.32646	-0.142985	0.12312	10.9986	
3.97098	-18.6044	2.44394	-0.134378	0.119981	10.4379	
4.0565	-18.3897	2.57703	-0.124278	0.116215	9.77924	
4.15399	-18.1315	2.71736	-0.113156	0.111956	9.05257	
4.26032	-17.835	2.85707	-0.101498	0.107342	8.28881	
4.37206	-17.5082	2.98952	-0.0897725	0.102533	7.5193	
4.48563	-17.1618	3.1097	-0.078403	0.0977017	6.77082	
4.59737	-16.8083	3.21439	-0.0677484	0.0930102	6.06749	
4.70369	-16.4618	3.30212	-0.0580931	0.0886201	5.4282	
4.80118	-16.1363	3.37282	-0.0496469	0.0846628	4.8669	
4.88671	-15.8455	3.42752	-0.0425525	0.081252	4.39427	
4.95752	-15.6013	3.46782	-0.0368978	0.0784746	4.01622	
5.01133	-15.414	3.49553	-0.0327309	0.0763917	3.73706	
5.04642	-15.291	3.51227	-0.0300742	0.0750485	3.55892	
5.06153	-15.2379	3.51917	-0.028944	0.0744731	3.48267	
5.06153	-15.2379	3.51917	-0.028944	0.0744731	3.48267	
5.07665	-15.1846	3.52588	-0.0278224	0.0738995	3.40736	
5.11174	-15.0606	3.54073	-0.0252528	0.0725767	3.23445	
5.16555	-14.8695	3.56158	-0.0214013	0.0705702	2.9747	
5.23636	-14.6165	3.58557	-0.0164966	0.0679726	2.64305	
5.32188	-14.3087	3.60951	-0.0108152	0.0649009	2.25744	
5.41938	-13.9558	3.63035	-0.00465504	0.061489	1.83744	
5.5257	-13.5689	3.64565	0.00168985	0.0578791	1.40253	
5.63744	-13.161	3.65383	0.00795126	0.0542118	0.970696	
5.75101	-12.7459	3.65436	0.0139026	0.0506185	0.557486	
5.86275	-12.3379	3.6477	0.0193675	0.0472154	0.175306	
5.96908	-11.9507	3.63515	0.0242209	0.0440988	-0.166656	
6.06657	-11.597	3.61867	0.0283851	0.0413449	-0.462239	
6.15209	-11.2883	3.60051	0.0318207	0.0390103	-0.707851	
6.2229	-11.034	3.583	0.0345162	0.0371342	-0.901782	
6.27671	-10.8416	3.56825	0.036477	0.0357426	-1.04361	
6.3118	-10.7165	3.558	0.0377154	0.0348512	-1.13354	
6.32692	-10.6628	3.55343	0.0382394	0.0344709	-1.17165	
6.32692	-10.6628	3.55343	0.0382394	0.0344709	-1.17165	
6.34204	-10.6091	3.54877	0.0387577	0.0340931	-1.20937	
6.37712	-10.4848	3.5376	0.0399386	0.0332254	-1.2956	
6.43094	-10.2949	3.51957	0.0416913	0.0319184	-1.42419	
6.50174	-10.0466	3.49422	0.0438918	0.0302425	-1.58662	
6.58727	-9.74912	3.46126	0.0463939	0.0282836	-1.77286	
6.68476	-9.41362	3.42075	0.0490459	0.0261366	-1.9723	
6.79108	-9.05241	3.37326	0.051705	0.0238976	-2.17476	
6.90283	-8.67842	3.31992	0.0542491	0.0216577	-2.37134	
7.01639	-8.30462	3.26242	0.0565849	0.0194972	-2.55486	
7.12813	-7.94337	3.20289	0.05865	0.0174828	-2.72019	
7.23446	-7.60595	3.1438	0.0604115	0.015666	-2.86414	
7.33195	-7.30217	3.08771	0.061861	0.0140835	-2.98519	
7.41748	-7.04025	3.03714	0.0630084	0.0127595	-3.08316	
7.48828	-6.82671	2.99438	0.0638744	0.0117076	-3.15868	
7.5421	-6.66646	2.96139	0.0644835	0.0109346	-3.2128	
7.57718	-6.56293	2.93966	0.0648586	0.0104426	-3.24661	
7.5923	-6.51856	2.93025	0.0650148	0.0102335	-3.26083	
7.5923	-6.51856	2.93025	0.0650148	0.0102335	-3.26083	
7.60742	-6.47434	2.92081	0.065168	0.0100262	-3.27483	
7.64251	-6.37224	2.89878	0.0655114	0.00955154	-3.30654	
7.69632	-6.21716	2.8647	0.0660062	0.00884143	-3.35299	
7.76713	-6.01592	2.81935	0.0666001	0.00793968	-3.41025	
7.85265	-5.77717	2.76388	0.0672343	0.00689875	-3.47378	
7.95014	-5.51083	2.69982	0.0678515	0.00577492	-3.539	
8.05647	-5.22752	2.62909	0.0684036	0.00462319	-3.60187	
8.16821	-4.93793	2.55392	0.0688563	0.0034929	-3.65917	
8.28178	-4.65226	2.47683	0.0691916	0.00242524	-3.70876	
8.39352	-4.37976	2.40043	0.0694075	0.00145116	-3.74963	
8.49984	-4.12842	2.32738	0.0695155	0.00059178	-3.78168	
8.59734	-3.90479	2.26017	0.0695371	-0.000140738	-3.80561	
8.68286	-3.71402	2.20111	0.0694991	-0.000741633	-3.82258	
8.75367	-3.5599	2.15217	0.0694298	-0.00121056	-3.83393	
8.80748	-3.44508	2.11497	0.0693555	-0.00155038	-3.84104	
8.84257	-3.3713	2.09072	0.0692973	-0.00176446	-3.84491	
8.85768	-3.33977	2.08028	0.06927	-0.00185465	-3.84631	
8.85768	-3.33977	2.08028	0.06927	-0.00185465	-3.84631	
8.8728	-3.3084	2.06983	0.0692413	-0.00194408	-3.84804	
8.90789	-3.2362	2.0456	0.0691694	-0.00214792	-3.85085	
8.9617	-3.12712	2.00846	0.0690457	-0.00244829	-3.85437	
9.03251	-2.98664	1.95965	0.0688589	-0.00282578	-3.85745	
9.11803	-2.82156	1.90081	0.0685987	-0.00325275	-3.85836	
9.21553	-2.63951	1.83395	0.0682593	-0.00370414	-3.85666	
9.32185	-2.44837	1.76133	0.067841	-0.0041586	-3.85115	
9.43359	-2.2558	1.68542	0.0673516	-0.00459405	-3.84187	
9.54716	-2.06876	1.60874	0.0668064	-0.00500247	-3.82933	
9.6589	-1.89318	1.53383	0.0662264	-0.00537317	-3.81372	
9.76523	-1.73386	1.46309	0.0656374	-0.00570421	-3.79692	
9.86272	-1.59437	1.3987	0.0650669	-0.00599763	-3.77943	
9.94824	-1.47714	1.34263	0.0645432	-0.00624656	-3.76283	
10.019	-1.38371	1.29649	0.0640936	-0.00645613	-3.74883	
10.0729	-1.31488	1.26162	0.0637418	-0.00661536	-3.73655	
10.108	-1.27101	1.23896	0.0635079	-0.00671967	-3.73046	
10.1231	-1.25236	1.22922	0.0634059	-0.00677222	-3.73095	
10.1231	-1.25236	1.22922	0.0634059	-0.00677222	-3.73095	
10.1382	-1.23385	1.21949	0.0633032	-0.00681713	-3.71926	
10.1733	-1.19145	1.19698	0.0630624	-0.00691383	-3.71565	
10.2271	-1.12797	1.16255	0.0626852	-0.00710735	-3.70398	
10.2979	-1.04724	1.11755	0.0621739	-0.00732991	-3.68377	
10.3834	-0.953977	1.06357	0.061534	-0.007652	-3.66809	
10.4809	-0.853268	1.00255	0.0607674	-0.00807049	-3.64013	
10.5872	-0.750177	0.936709	0.0598845	-0.00856002	-3.61528	
10.699	-0.649343	0.868182	0.0588907	-0.00925194	-3.58819	
10.8125	-0.554661	0.799379	0.0577958	-0.0100454	-3.55473	
10.9243	-0.469084	0.732424	0.0566198	-0.0110615	-3.53176	
11.0306	-0.394566	0.669404	0.0553805	-0.0122726	-3.4981	
11.1281	-0.332093	0.612302	0.0541235	-0.0135683	-3.47514	
11.2136	-0.281855	0.562594	0.0529021	-0.0150407	-3.45496	
11.2844	-0.243463	0.521882	0.0517907	-0.016358	-3.42324	
11.3382	-0.216207	0.491107	0.05088	-0.0175491	-3.43229	
11.3733	-0.199327	0.471106	0.0502484	-0.018426	-3.37949	
11.3885	-0.192269	0.462711	0.049968	-0.0186245	-3.26896	
11.3885	-0.192269	0.462711	0.049968	-0.0186245	-3.26896	
11.4036	-0.185338	0.454119	0.0496839	-0.0190544	-3.49505	
11.4387	-0.169761	0.433947	0.0489902	-0.0203585	-3.36819	
11.4925	-0.147207	0.404314	0.0478681	-0.0213644	-3.32867	
11.5633	-0.119984	0.364465	0.0462653	-0.0241531	-3.40602	
11.6488	-0.0908411	0.317504	0.0440581	-0.0272031	-3.23669	
11.7463	-0.0624297	0.265184	0.0412406	-0.0310417	-3.29258	
11.8526	-0.0372928	0.208032	0.037612	-0.0371577	-3.17577	
11.9644	-0.0172226	0.151728	0.0331615	-0.0425091	-3.01418	
12.0779	-0.00317314	0.0958977	0.0279295	-0.0500069	-2.94117	
12.1897	0.00468505	0.0462627	0.0219661	-0.0559951	-2.47103	
12.296	0.00744791	0.00666711	0.0158428	-0.0591378	-2.1284	
12.3935	0.00660006	-0.0219646	0.010004	-0.0594442	-1.34052	
12.479	0.00415664	-0.0326448	0.00523104	-0.0506417	-0.276841	
12.5498	0.00183336	-0.0314252	0.00205987	-0.0381357	0.582766	
12.6036	0.000406816	-0.0188293	0.000428807	-0.0202756	2.41878	
12.6387	1.80736e-05	-0.00332969	1.84687e-05	-0.00341678	2.29362	
12.6538	-1.16908e-19	5.0198e-18	-1.0457e-18	-3.57602e-19	-1.77002e-06	
