0	0.233333	4	2.09433	1.04717	-14.7229	
0.0250674	0.332719	3.92711	2.12276	1.21955	-18.2263	
0.0832461	0.55577	3.74161	2.20445	1.57648	-17.8781	
0.172477	0.877971	3.48445	2.36412	1.97301	-16.1834	
0.289885	1.2673	3.14298	2.61502	2.25933	-17.6335	
0.431695	1.68355	2.73814	2.93918	2.2406	-15.3773	
0.593349	2.09588	2.38094	3.26678	1.74532	-11.7318	
0.769651	2.48759	2.0734	3.50519	0.944173	-9.46067	
0.954935	2.84901	1.85082	3.60237	0.125232	-4.9102	
1.14324	3.18753	1.7659	3.56263	-0.500613	-0.655702	
1.32853	3.51509	1.78134	3.43588	-0.815122	1.66565	
1.50483	3.83154	1.79439	3.28851	-0.801761	-1.13327	
1.66648	4.11406	1.67327	3.17894	-0.517843	-7.35751	
1.80829	4.3346	1.40253	3.13177	-0.126745	-16.5974	
1.9257	4.47518	0.94818	3.14177	0.315497	-30.0523	
2.01493	4.53892	0.473272	3.18573	0.656364	-33.516	
2.07311	4.55662	0.114226	3.2295	0.859939	-48.136	
2.09818	4.55663	-0.131419	3.25284	1.0178	-75.6702	
2.09818	4.55663	-0.131419	3.25284	1.0178	-75.6702	
2.12325	4.55101	-0.280078	3.27941	1.0629	-18.71	
2.18143	4.52604	-0.666377	3.34226	1.17567	-67.3082	
2.27066	4.42153	-1.61333	3.46743	1.53064	-47.3968	
2.38806	4.18944	-2.35246	3.63322	1.2813	-49.0325	
2.52987	3.76295	-3.64679	3.80925	1.14154	-44.7469	
2.69153	3.13197	-3.90532	3.90715	-0.0561856	9.92781	
2.86783	2.46885	-3.58307	3.8031	-1.04933	23.5061	
3.05311	1.99833	-0.660082	3.40626	-3.74528	181.8	
3.24142	2.48725	5.8842	2.39157	-6.28	191.873	
3.42671	3.91616	8.44863	1.42156	-3.61986	-19.0247	
3.60301	5.24462	6.24847	1.01044	-1.53437	-99.3118	
3.76466	6.06089	4.00923	0.791998	-1.18633	-66.3369	
3.90647	6.52825	2.5996	0.648938	-0.88807	-60.9974	
4.02388	6.76561	1.48224	0.543376	-0.903504	-48.6738	
4.11311	6.87136	0.928271	0.469093	-0.745918	-33.9767	
4.17129	6.91476	0.540449	0.426669	-0.73871	-46.1418	
4.19636	6.92616	0.384378	0.408102	-0.729236	-22.8094	
4.19636	6.92616	0.384378	0.408102	-0.729236	-22.8094	
4.22143	6.9345	0.276806	0.390455	-0.68413	-29.2408	
4.27961	6.94222	-0.0122296	0.352072	-0.64129	-30.0903	
4.36884	6.92321	-0.397011	0.297497	-0.577217	-23.4112	
4.48624	6.85278	-0.787765	0.235535	-0.48162	-18.6528	
4.62805	6.71338	-1.16046	0.173573	-0.39514	-14.0579	
4.78971	6.50054	-1.45049	0.117418	-0.299763	-9.08085	
4.96601	6.22551	-1.65637	0.0722845	-0.218788	-6.27058	
5.15129	5.90471	-1.79209	0.0372892	-0.160125	-3.45645	
5.3396	5.56065	-1.85282	0.0123428	-0.107784	-1.63292	
5.52489	5.21464	-1.8776	-0.00472395	-0.0794237	-0.685324	
5.70119	4.88403	-1.86661	-0.0166206	-0.0547044	0.574226	
5.86284	4.5845	-1.83892	-0.0239779	-0.0392155	0.691988	
6.00465	4.32569	-1.80841	-0.029083	-0.0316541	1.38558	
6.12206	4.11551	-1.77158	-0.0321649	-0.0216492	1.50058	
6.21129	3.95855	-1.74674	-0.0340286	-0.0206524	1.47173	
6.26947	3.8575	-1.72597	-0.0351386	-0.0165459	2.11833	
6.29454	3.81435	-1.71703	-0.0355293	-0.0152052	1.31392	
6.29454	3.81435	-1.71703	-0.0355293	-0.0152052	1.31392	
6.31961	3.7714	-1.70945	-0.0359153	-0.0153481	1.68748	
6.37778	3.67254	-1.68883	-0.0367499	-0.0131561	1.91165	
6.46702	3.52329	-1.65632	-0.037788	-0.0104011	1.91685	
6.58442	3.33138	-1.61248	-0.0388565	-0.00775202	2.04384	
6.72623	3.10663	-1.55697	-0.0397173	-0.00453088	2.12768	
6.88789	2.86012	-1.49267	-0.0402469	-0.00218691	2.17539	
7.06419	2.60325	-1.4211	-0.0404305	0.000119224	2.24079	
7.24947	2.34696	-1.3454	-0.0402212	0.00195038	2.23953	
7.43778	2.10081	-1.269	-0.0397385	0.00319098	2.24759	
7.62307	1.87263	-1.1942	-0.0390239	0.0044632	2.22963	
7.79937	1.66826	-1.12449	-0.038174	0.00510745	2.18944	
7.96102	1.49157	-1.06161	-0.0372986	0.00577339	2.16973	
8.10283	1.34488	-1.00755	-0.0364418	0.00622728	2.11672	
8.22024	1.22916	-0.963806	-0.0357013	0.00641944	2.09329	
8.30947	1.14462	-0.930914	-0.0351144	0.00672977	2.06645	
8.36765	1.09108	-0.909885	-0.034721	0.00676531	2.03093	
8.39272	1.06838	-0.900872	-0.0345512	0.0068019	2.05213	
8.39272	1.06838	-0.900872	-0.0345512	0.0068019	2.05213	
8.41779	1.04591	-0.89185	-0.0343795	0.00688426	2.03158	
8.47596	0.994631	-0.871163	-0.0339761	0.00697324	2.00641	
8.5652	0.918296	-0.839869	-0.0333484	0.00710215	1.9785	
8.6826	0.822068	-0.799504	-0.0325048	0.00725783	1.93512	
8.82441	0.71207	-0.752072	-0.0314664	0.00738061	1.88227	
8.98607	0.594749	-0.69975	-0.0302635	0.00749574	1.82055	
9.16237	0.476251	-0.644898	-0.0289356	0.00755666	1.74974	
9.34765	0.36191	-0.589762	-0.0275336	0.00757319	1.67535	
9.53596	0.255921	-0.536375	-0.0261085	0.00755216	1.59762	
9.72125	0.161201	-0.486484	-0.0247154	0.00747971	1.52101	
9.89755	0.0794412	-0.441406	-0.0234041	0.00739253	1.44852	
10.0592	0.0112874	-0.402127	-0.0222176	0.00728163	1.38143	
10.201	-0.0433911	-0.369267	-0.021193	0.00716932	1.3241	
10.3184	-0.0852041	-0.34317	-0.0203568	0.00707115	1.27624	
10.4077	-0.114966	-0.324011	-0.0197297	0.00698414	1.2404	
10.4658	-0.133461	-0.311822	-0.0193249	0.00693073	1.2179	
10.4909	-0.141213	-0.306644	-0.0191515	0.00690683	1.20706	
10.4909	-0.141213	-0.306644	-0.0191515	0.00690683	1.20706	
10.516	-0.148835	-0.301512	-0.0189787	0.00688115	1.19754	
10.5741	-0.166034	-0.289771	-0.01858	0.0068233	1.17478	
10.6634	-0.191104	-0.272223	-0.0179753	0.00673034	1.13971	
10.7808	-0.22175	-0.249978	-0.0171926	0.00660051	1.09429	
10.9226	-0.255367	-0.224361	-0.0162682	0.00643581	1.04035	
11.0842	-0.289384	-0.196795	-0.0152437	0.00623782	0.980197	
11.2605	-0.32157	-0.168661	-0.0141636	0.00601336	0.916469	
11.4458	-0.350243	-0.141192	-0.0130719	0.0057703	0.851604	
11.6341	-0.374369	-0.115398	-0.012009	0.00551758	0.788095	
11.8194	-0.393555	-0.0920201	-0.0110099	0.00526657	0.728062	
11.9957	-0.407948	-0.0715416	-0.0101026	0.00502663	0.673225	
12.1574	-0.418094	-0.0542126	-0.00930771	0.00480779	0.625027	
12.2992	-0.42477	-0.0401033	-0.00863937	0.00461836	0.584338	
12.4166	-0.42883	-0.0291656	-0.00810625	0.00446357	0.551803	
12.5058	-0.431078	-0.0212881	-0.00771313	0.00434813	0.527795	
12.564	-0.432172	-0.01635	-0.00746234	0.0042732	0.512234	
12.5891	-0.432556	-0.0142707	-0.00735563	0.00424014	0.505419	
12.5891	-0.432556	-0.0142707	-0.00735563	0.00424014	0.505419	
12.6141	-0.432888	-0.0122207	-0.00724977	0.0042061	0.49866	
12.6723	-0.433463	-0.00757284	-0.00700739	0.00412575	0.483518	
12.7616	-0.433831	-0.00073275	-0.00664471	0.00400381	0.46108	
12.879	-0.433413	0.00775186	-0.00618386	0.00384727	0.432466	
13.0208	-0.431631	0.0172474	-0.0056514	0.00366304	0.399288	
13.1824	-0.428032	0.027114	-0.00507578	0.00345976	0.363282	
13.3587	-0.422384	0.0367723	-0.00448484	0.00324518	0.326094	
13.544	-0.414721	0.0457563	-0.00390387	0.0030274	0.289361	
13.7323	-0.405335	0.0537415	-0.00335392	0.00281492	0.254395	
13.9176	-0.394732	0.0605462	-0.0028511	0.00261398	0.222222	
14.0939	-0.383554	0.0661184	-0.00240653	0.00243062	0.193628	
14.2556	-0.372502	0.0705054	-0.00202676	0.00226872	0.168994	
14.3974	-0.362263	0.0738195	-0.00171489	0.00213032	0.148604	
14.5148	-0.353452	0.0762066	-0.00147137	0.00201827	0.132567	
14.604	-0.346579	0.0778146	-0.00129504	0.00193393	0.120833	
14.6622	-0.342024	0.0787713	-0.00118411	0.00187995	0.113655	
14.6873	-0.340044	0.0791629	-0.00113726	0.00185799	0.110864	
14.6873	-0.340044	0.0791629	-0.00113726	0.00185799	0.110864	
14.7123	-0.338055	0.0795435	-0.00109094	0.00183793	0.108286	
14.7705	-0.333403	0.0803823	-0.000985264	0.00179541	0.101636	
14.8597	-0.326177	0.0815414	-0.000827924	0.00173097	0.091197	
14.9771	-0.316525	0.0828369	-0.000629711	0.00164566	0.0780735	
15.119	-0.304686	0.0840718	-0.000403541	0.00154441	0.0630151	
15.2806	-0.29101	0.0850643	-0.00016306	0.00143142	0.0468974	
15.4569	-0.275952	0.0856799	7.88508e-05	0.00131411	0.0306682	
15.6422	-0.260054	0.0858446	0.000311527	0.00119873	0.0149362	
15.8305	-0.24391	0.0855493	0.000526861	0.00108986	0.000320856	
16.0158	-0.228118	0.0848461	0.000719632	0.000992617	-0.012796	
16.1921	-0.213244	0.0838313	0.000887124	0.000908857	-0.0242468	
16.3537	-0.199786	0.0826317	0.00102841	0.000840771	-0.0338143	
16.4956	-0.188154	0.0813868	0.00114392	0.000789638	-0.0415645	
16.613	-0.178666	0.0802302	0.00123445	0.000753631	-0.0475496	
16.7022	-0.171548	0.0792806	0.00130066	0.00073122	-0.0518121	
16.7604	-0.166955	0.0786295	0.00134283	0.00071818	-0.0547669	
16.7854	-0.164987	0.0783401	0.00136075	0.000711812	-0.0562758	
16.7854	-0.164987	0.0783401	0.00136075	0.000711812	-0.0562758	
16.8105	-0.163027	0.0780447	0.0013785	0.00070425	-0.0578331	
16.8687	-0.158507	0.0773357	0.00141886	0.000682122	-0.0613166	
16.9579	-0.151657	0.0761952	0.00147808	0.000646062	-0.0654688	
17.0753	-0.142803	0.0746143	0.00155158	0.000607017	-0.0705377	
17.2171	-0.132364	0.0725823	0.00163449	0.000562389	-0.0766814	
17.3788	-0.120828	0.0701179	0.00172168	0.000518403	-0.0827387	
17.5551	-0.108715	0.0672682	0.00180961	0.000479231	-0.0892404	
17.7404	-0.0965428	0.0640954	0.0018945	0.000437832	-0.095572	
17.9287	-0.0847894	0.0607093	0.00197372	0.000404894	-0.101347	
18.114	-0.0738616	0.0572223	0.00204571	0.000370714	-0.107227	
18.2903	-0.0640758	0.0537705	0.002108	0.000337301	-0.112011	
18.4519	-0.0556463	0.0505031	0.00216031	0.000308081	-0.116707	
18.5937	-0.0486932	0.0475452	0.00220133	0.00026896	-0.120794	
18.7111	-0.0432573	0.0450462	0.00223108	0.000238519	-0.123447	
18.8004	-0.0393239	0.0431078	0.00225105	0.00020508	-0.127144	
18.8585	-0.0368533	0.0418251	0.00226212	0.000178463	-0.126509	
18.8836	-0.0358116	0.0412855	0.00226661	0.0001829	-0.121756	
18.8836	-0.0358116	0.0412855	0.00226661	0.0001829	-0.121756	
18.9087	-0.0347836	0.0407274	0.00227112	0.000169672	-0.133478	
18.9669	-0.0324529	0.0394041	0.00227923	0.000121033	-0.12868	
19.0561	-0.0290238	0.0374534	0.00229078	0.000136901	-0.129463	
19.1735	-0.0247837	0.0347492	0.00230245	4.33982e-05	-0.137703	
19.3153	-0.0200894	0.0314764	0.00230185	-2.79715e-05	-0.134132	
19.477	-0.0153024	0.0277082	0.00229202	-0.00012941	-0.143299	
19.6533	-0.0107975	0.0233924	0.00224549	-0.000393873	-0.145262	
19.8386	-0.00687695	0.0189263	0.00215344	-0.000610823	-0.146563	
20.0269	-0.00375591	0.0141758	0.00199764	-0.00109563	-0.155538	
20.2121	-0.00156342	0.00954527	0.00174349	-0.00162503	-0.146542	
20.3884	-0.000252572	0.00532078	0.00141062	-0.0022055	-0.147265	
20.5501	0.000300933	0.00163402	0.000998307	-0.00284866	-0.123389	
20.6919	0.000356864	-0.000662887	0.000583488	-0.00291124	-0.0775349	
20.8093	0.000205898	-0.0017624	0.000254228	-0.00262799	-0.0287298	
20.8985	5.19601e-05	-0.00139192	5.65136e-05	-0.00157639	0.0905291	
20.9567	2.43926e-06	-0.000269107	2.51143e-06	-0.000279067	0.109888	
20.9818	-4.83492e-17	4.07113e-16	2.14002e-17	-1.17892e-17	-5.33555e-08	
