0	0.233333	1.33333	1.04717	3.1415	-23.4733	
0.0261231	0.267538	1.30473	1.12894	3.13034	4.49759	
0.0867519	0.347613	1.31553	1.32004	3.17171	-5.87707	
0.179741	0.462032	1.13928	1.61787	3.24279	-9.22661	
0.302093	0.59228	0.988775	2.02108	3.33484	-9.96663	
0.449875	0.703388	0.411983	2.52089	3.44542	-34.7462	
0.618337	0.686228	-0.619249	3.10306	3.35572	-37.5394	
0.802064	0.469337	-1.75812	3.64766	2.47783	-40.6985	
0.99515	0.0198792	-2.79289	4.00324	1.122	-21.0563	
1.19139	-0.553401	-2.87801	4.05218	-0.587181	11.0375	
1.38448	-1.04301	-1.96546	3.81965	-1.84322	57.1691	
1.5682	-1.1405	1.55897	3.26414	-4.55836	184.608	
1.73666	-0.398579	7.27874	2.29442	-6.28	192.302	
1.88445	0.906944	9.56156	1.50743	-3.94926	-8.89802	
2.0068	2.00992	8.19195	1.15352	-2.10182	-92.8574	
2.09979	2.70972	6.90486	0.987933	-1.5056	-78.5788	
2.16042	3.10297	6.03695	0.904458	-1.28697	-94.5107	
2.18654	3.25559	5.66436	0.871409	-1.23619	-70.5999	
2.18654	3.25559	5.66436	0.871409	-1.23619	-70.5999	
2.21266	3.3995	5.3503	0.840142	-1.16258	-74.8313	
2.27329	3.70125	4.60844	0.772997	-1.06257	-72.3957	
2.36628	4.08115	3.59261	0.679126	-0.95935	-60.7687	
2.48863	4.45142	2.49869	0.569054	-0.844556	-49.1867	
2.63641	4.73959	1.44649	0.452483	-0.735382	-38.0289	
2.80488	4.90455	0.563868	0.339403	-0.604425	-26.8714	
2.9886	4.94266	-0.109505	0.241362	-0.467848	-18.9674	
3.18169	4.87116	-0.597092	0.162431	-0.352219	-12.5509	
3.37793	4.72097	-0.908648	0.103929	-0.24775	-7.92077	
3.57102	4.52502	-1.10767	0.0633373	-0.178293	-5.31759	
3.75474	4.31	-1.22049	0.0353659	-0.126506	-2.88406	
3.9232	4.09931	-1.27691	0.0173941	-0.0906458	-1.9672	
4.07099	3.90808	-1.30674	0.00541175	-0.0713177	-0.899821	
4.19334	3.7478	-1.31147	-0.00217002	-0.0533857	-0.37826	
4.28633	3.62573	-1.31388	-0.00680555	-0.0471834	-0.277043	
4.34696	3.54615	-1.30998	-0.00949748	-0.0407099	0.453955	
4.37308	3.51196	-1.30778	-0.0105218	-0.0382549	-0.215137	
4.37308	3.51196	-1.30778	-0.0105218	-0.0382549	-0.215137	
4.3992	3.47781	-1.30671	-0.0115112	-0.037286	0.153256	
4.45983	3.39875	-1.30078	-0.0136443	-0.0329577	0.443904	
4.55282	3.27832	-1.28914	-0.0164328	-0.0273764	0.575286	
4.67517	3.1217	-1.27017	-0.0194304	-0.0217142	0.823435	
4.82295	2.93605	-1.24159	-0.0221813	-0.0157905	1.03012	
4.99142	2.72995	-1.20457	-0.0244269	-0.0111602	1.18956	
5.17514	2.5127	-1.15955	-0.0260987	-0.00713915	1.34569	
5.36823	2.29366	-1.10891	-0.0271553	-0.0040627	1.42561	
5.56447	2.08126	-1.05553	-0.0277389	-0.00193139	1.49755	
5.75756	1.88266	-1.00146	-0.0279235	-7.07247e-05	1.53428	
5.94128	1.7034	-0.949896	-0.0278289	0.0010123	1.54066	
6.10974	1.54737	-0.902501	-0.0275808	0.00196523	1.55645	
6.25753	1.41706	-0.861183	-0.0272352	0.00262904	1.53638	
6.37988	1.31375	-0.827432	-0.0268934	0.00298426	1.53536	
6.47287	1.238	-0.80184	-0.0265969	0.00338664	1.52583	
6.5335	1.18989	-0.785418	-0.0263875	0.0034925	1.50351	
6.55962	1.16946	-0.778359	-0.0262956	0.00355592	1.52538	
6.55962	1.16946	-0.778359	-0.0262956	0.00355592	1.52538	
6.58574	1.14922	-0.771277	-0.0262013	0.00365921	1.51087	
6.64637	1.10296	-0.755011	-0.0259748	0.0038024	1.49687	
6.73936	1.0339	-0.7303	-0.0256118	0.00400988	1.48447	
6.86171	0.946512	-0.698247	-0.025105	0.00426311	1.46148	
7.00949	0.846135	-0.660338	-0.024457	0.00449918	1.432	
7.17796	0.738457	-0.618231	-0.0236788	0.00473194	1.39565	
7.36168	0.62898	-0.573772	-0.0227914	0.00491659	1.35162	
7.55477	0.522567	-0.528765	-0.0218276	0.00506042	1.30372	
7.75101	0.423138	-0.484899	-0.0208238	0.0051592	1.2514	
7.94409	0.333523	-0.443657	-0.0198232	0.00519943	1.19872	
8.12782	0.25548	-0.406183	-0.0188658	0.00521874	1.14792	
8.29628	0.189839	-0.373372	-0.0179875	0.00520203	1.09964	
8.44407	0.136711	-0.345811	-0.0172212	0.0051677	1.05807	
8.56642	0.0957519	-0.323848	-0.0165909	0.00513308	1.02296	
8.65941	0.0663928	-0.307682	-0.0161153	0.00509432	0.996449	
8.72004	0.0480518	-0.297377	-0.0158072	0.00507124	0.979818	
8.74616	0.0403407	-0.292996	-0.0156749	0.0050603	0.971615	
8.74616	0.0403407	-0.292996	-0.0156749	0.0050603	0.971615	
8.77228	0.0327436	-0.288651	-0.0155428	0.00504758	0.964543	
8.83291	0.0155457	-0.278699	-0.0152377	0.00501909	0.947503	
8.9259	-0.00967411	-0.263801	-0.0147731	0.00497071	0.921173	
9.04825	-0.0407847	-0.244866	-0.0141692	0.0049001	0.886947	
9.19603	-0.0753421	-0.222995	-0.0134519	0.00480674	0.845962	
9.3645	-0.110899	-0.199377	-0.0126519	0.00468839	0.799897	
9.54822	-0.145283	-0.175179	-0.0118032	0.00454881	0.750759	
9.74131	-0.176789	-0.151457	-0.0109398	0.00439293	0.70037	
9.93755	-0.204288	-0.129088	-0.010094	0.00422579	0.650637	
10.1306	-0.227222	-0.10873	-0.00929447	0.00405495	0.603308	
10.3144	-0.245532	-0.0908242	-0.00856473	0.00388835	0.559851	
10.4828	-0.259536	-0.0756142	-0.0079227	0.00373356	0.521394	
10.6306	-0.269782	-0.0631886	-0.00738109	0.00359611	0.488743	
10.753	-0.276916	-0.0535276	-0.00694809	0.00348176	0.462577	
10.8459	-0.281567	-0.0465529	-0.00662835	0.00339516	0.443172	
10.9066	-0.284256	-0.0421732	-0.00642423	0.00333829	0.43068	
10.9327	-0.285333	-0.0403264	-0.00633735	0.00331359	0.42536	
10.9327	-0.285333	-0.0403264	-0.00633735	0.00331359	0.42536	
10.9588	-0.286363	-0.0385033	-0.00625111	0.00328904	0.42017	
11.0194	-0.288571	-0.034363	-0.00605341	0.0032326	0.408117	
11.1124	-0.29148	-0.0282565	-0.00575684	0.00314599	0.389935	
11.2348	-0.294468	-0.0206598	-0.00537887	0.0030325	0.366736	
11.3826	-0.296882	-0.0121249	-0.00494076	0.00289693	0.339723	
11.551	-0.298162	-0.00321514	-0.00446564	0.002744	0.310259	
11.7348	-0.297932	0.00555615	-0.00397663	0.00257986	0.279784	
11.9278	-0.29605	0.0137715	-0.00349483	0.00241139	0.249586	
12.1241	-0.29261	0.021133	-0.00303804	0.00224481	0.220775	
12.3172	-0.287904	0.0274678	-0.00262003	0.0020858	0.194239	
12.5009	-0.282364	0.0327149	-0.00225034	0.00193938	0.17063	
12.6694	-0.276492	0.0369022	-0.0019346	0.0018099	0.150361	
12.8171	-0.270796	0.0401152	-0.00167528	0.00170024	0.133619	
12.9395	-0.265741	0.0424687	-0.00147267	0.00161219	0.120481	
13.0325	-0.261716	0.0440808	-0.00132579	0.00154715	0.110937	
13.0931	-0.259013	0.0450531	-0.00123325	0.00150568	0.104905	
13.1192	-0.257831	0.0454533	-0.00119414	0.00148801	0.102348	
13.1192	-0.257831	0.0454533	-0.00119414	0.00148801	0.102348	
13.1454	-0.256639	0.0458422	-0.0011555	0.00147029	0.0997479	
13.206	-0.253833	0.0467022	-0.00106761	0.00142907	0.093943	
13.299	-0.249433	0.0479099	-0.000937618	0.00136715	0.085396	
13.4213	-0.243484	0.0493019	-0.000775204	0.00128812	0.0746414	
13.5691	-0.236091	0.050701	-0.000591699	0.00119597	0.0624257	
13.7376	-0.22744	0.0519451	-0.000398734	0.0010958	0.0495031	
13.9213	-0.217801	0.0529097	-0.000207004	0.000992275	0.0365433	
14.1144	-0.20752	0.0535216	-2.54247e-05	0.000889575	0.0241478	
14.3106	-0.196987	0.053763	0.000139425	0.000791576	0.0127702	
14.5037	-0.186611	0.0536649	0.000283458	0.000701346	0.00270897	
14.6874	-0.176781	0.0532957	0.000404857	0.000621035	-0.00588978	
14.8559	-0.167846	0.0527458	0.000503588	0.00055179	-0.0129931	
15.0037	-0.160097	0.0521141	0.000580852	0.000494383	-0.0186334	
15.126	-0.153757	0.0514956	0.000638552	0.000449102	-0.0229185	
15.219	-0.148993	0.0509722	0.00067876	0.000415846	-0.0259524	
15.2797	-0.145913	0.0506079	0.00070333	0.00039477	-0.0278057	
15.3058	-0.144593	0.0504457	0.000713527	0.000385913	-0.0285656	
15.3058	-0.144593	0.0504457	0.000713527	0.000385913	-0.0285656	
15.3319	-0.143278	0.0502805	0.000723496	0.000377375	-0.0292487	
15.3925	-0.140241	0.0498863	0.000745799	0.000358486	-0.0309179	
15.4855	-0.135632	0.0492515	0.000777816	0.000330214	-0.0334213	
15.6079	-0.129659	0.0483645	0.000816001	0.000294301	-0.0364197	
15.7557	-0.122595	0.047223	0.00085645	0.000253538	-0.0396764	
15.9241	-0.114755	0.0458392	0.000895435	0.000209726	-0.0429562	
16.1078	-0.106479	0.0442449	0.000929828	0.000165352	-0.0459701	
16.3009	-0.0981038	0.0424923	0.000957621	0.000123301	-0.0485677	
16.4972	-0.0899452	0.0406475	0.000977979	8.4829e-05	-0.050697	
16.6903	-0.0822759	0.0387854	0.000991001	5.06539e-05	-0.05232	
16.874	-0.0753151	0.0369837	0.00099759	2.16872e-05	-0.0534457	
17.0424	-0.0692251	0.0353166	0.00099925	-1.41124e-06	-0.0541494	
17.1902	-0.0641144	0.0338483	0.000997701	-1.92651e-05	-0.0545787	
17.3126	-0.0600474	0.0326316	0.000994502	-3.27933e-05	-0.0547873	
17.4056	-0.0570559	0.0317086	0.000991028	-4.16369e-05	-0.0548017	
17.4662	-0.0551517	0.0311082	0.00098835	-4.66885e-05	-0.0548453	
17.4923	-0.0543424	0.0308495	0.0009871	-4.90899e-05	-0.0549511	
17.4923	-0.0543424	0.0308495	0.0009871	-4.90899e-05	-0.0549511	
17.5184	-0.0535399	0.0305907	0.000985783	-5.1785e-05	-0.0549985	
17.5791	-0.0517034	0.0299904	0.000982447	-5.82608e-05	-0.0550261	
17.6721	-0.0489574	0.0290728	0.000976595	-6.73255e-05	-0.0549106	
17.7944	-0.0454738	0.0278726	0.000967722	-7.75759e-05	-0.054744	
17.9422	-0.0414612	0.0264339	0.000955358	-8.97109e-05	-0.0544762	
18.1107	-0.0371449	0.0248137	0.000939193	-0.000101657	-0.0539101	
18.2944	-0.032746	0.0230766	0.000919577	-0.00011153	-0.0531676	
18.4875	-0.0284636	0.0212873	0.000897157	-0.000120502	-0.0522847	
18.6837	-0.0244612	0.0195105	0.000872721	-0.000128368	-0.0512647	
18.8768	-0.0208592	0.0178064	0.000847241	-0.000135401	-0.0501525	
19.0605	-0.0177333	0.0162292	0.000821875	-0.000140413	-0.0489637	
19.229	-0.0151184	0.0148212	0.000797831	-0.000145551	-0.0479804	
19.3768	-0.0130176	0.0136151	0.000775845	-0.000151885	-0.0469703	
19.4991	-0.0114115	0.0126416	0.000757053	-0.000154991	-0.0460103	
19.5921	-0.0102699	0.011914	0.000742474	-0.000159434	-0.0456605	
19.6527	-0.00956179	0.0114453	0.000732675	-0.000163165	-0.0447924	
19.6789	-0.00926539	0.0112484	0.000728426	-0.0001614	-0.0435442	
19.6789	-0.00926539	0.0112484	0.000728426	-0.0001614	-0.0435442	
19.705	-0.00897413	0.0110492	0.000724207	-0.000163128	-0.0455114	
19.7656	-0.00831837	0.0105858	0.000713998	-0.000171412	-0.0440006	
19.8586	-0.00736583	0.00990399	0.000698283	-0.000166689	-0.0430681	
19.9809	-0.00620895	0.0090066	0.000677181	-0.000181676	-0.0431798	
20.1287	-0.00495601	0.00796089	0.00064932	-0.000190541	-0.0408025	
20.2972	-0.00371162	0.00681414	0.000616735	-0.000202918	-0.0405555	
20.4809	-0.00257337	0.00558674	0.000575588	-0.0002436	-0.0387985	
20.674	-0.0016122	0.00438103	0.000526051	-0.000271003	-0.0368108	
20.8702	-0.000869871	0.00318777	0.000466475	-0.000345283	-0.0362573	
21.0633	-0.000362286	0.00209164	0.000391764	-0.000423446	-0.0324917	
21.2471	-6.58694e-05	0.0011434	0.000307004	-0.000509274	-0.0308048	
21.4155	5.81349e-05	0.000356507	0.000212194	-0.000606869	-0.0248479	
21.5633	7.26257e-05	-0.000120972	0.000122073	-0.000595834	-0.0153069	
21.6857	4.22285e-05	-0.000345662	5.26653e-05	-0.000525945	-0.00565132	
21.7786	1.06718e-05	-0.000274264	1.1646e-05	-0.000312261	0.0170865	
21.8393	5.01055e-07	-5.30444e-05	5.16292e-07	-5.50693e-05	0.0207842	
21.8654	4.15287e-17	-4.85956e-16	-2.76307e-17	1.53367e-17	-9.68381e-09	
