0	-1.4512e-16	-1.66809e-15	3.1415	-1.04717	53.4467	
0.0358417	-0.00302956	-0.337224	3.10883	-0.611739	-122.326	
0.119026	-0.0995106	-1.79787	3.12872	0.843085	-57.4704	
0.24661	-0.366308	-2.32381	3.24963	0.963114	-34.5675	
0.414481	-0.873802	-3.69087	3.46245	1.43204	-24.5326	
0.617243	-1.45353	-0.759215	3.46283	-2.29944	194.488	
0.848377	-0.673263	7.34771	2.37732	-5.86118	177.905	
1.10046	1.69257	9.88329	1.25496	-2.5572	-42.1555	
1.36538	3.83762	5.89825	0.873835	-1.01759	-102.374	
1.63462	4.9355	2.72757	0.591008	-0.925267	-42.625	
1.89954	5.44582	1.13903	0.413511	-0.545224	-38.3461	
2.15162	5.54623	-0.213231	0.260165	-0.608109	-20.661	
2.38276	5.43902	-0.64842	0.158929	-0.280405	-10.3621	
2.58552	5.26519	-1.07481	0.102623	-0.298867	-11.01	
2.75339	5.07156	-1.18042	0.0622021	-0.154265	-1.12646	
2.88097	4.91567	-1.2951	0.0445915	-0.157029	-8.52789	
2.96416	4.80533	-1.32571	0.0318475	-0.119897	4.02037	
3	4.75811	-1.32111	0.0282252	-0.095018	-8.8986	
3	4.75811	-1.32111	0.0282252	-0.095018	-8.8986	
3.03584	4.71006	-1.35473	0.0244744	-0.109245	-3.78717	
3.11903	4.59632	-1.3738	0.0160681	-0.0887019	-0.882252	
3.24661	4.42003	-1.39206	0.00650446	-0.06674	-1.39801	
3.41448	4.1844	-1.40965	-0.00378601	-0.0540811	-0.274458	
3.61724	3.89985	-1.39375	-0.012292	-0.0314294	0.374071	
3.84838	3.58051	-1.36856	-0.0184931	-0.024352	0.548121	
4.10046	3.24109	-1.31947	-0.0235133	-0.0138609	1.24	
4.36538	2.90023	-1.25462	-0.0259202	-0.00693927	1.18975	
4.63462	2.57109	-1.18819	-0.0278474	-0.00619817	1.46756	
4.89954	2.26658	-1.10996	-0.0285577	0.000392927	1.58146	
5.15162	1.99564	-1.04083	-0.0285244	-0.00101042	1.45682	
5.38276	1.76266	-0.973385	-0.0285918	0.00180817	1.71226	
5.58552	1.57148	-0.913998	-0.0279348	0.0031852	1.4685	
5.75339	1.42177	-0.868894	-0.0275976	0.00170018	1.60715	
5.88097	1.31336	-0.83063	-0.0271937	0.00458412	1.6093	
5.96416	1.24519	-0.809106	-0.026847	0.00312127	1.33722	
6	1.21635	-0.79951	-0.0267446	0.00302161	1.7744	
6	1.21635	-0.79951	-0.0267446	0.00302161	1.7744	
6.03584	1.18789	-0.788884	-0.0266165	0.00393115	1.5863	
6.11903	1.12321	-0.766399	-0.026282	0.00393457	1.4849	
6.24661	1.0276	-0.732311	-0.0257806	0.00409533	1.50821	
6.41448	0.908412	-0.687951	-0.0250402	0.0046085	1.45907	
6.61724	0.774165	-0.636539	-0.0241053	0.00462511	1.41383	
6.84838	0.633646	-0.579708	-0.0229916	0.00504397	1.36973	
7.10046	0.495008	-0.52087	-0.0216972	0.00512839	1.29174	
7.36538	0.364815	-0.462526	-0.0203412	0.00518041	1.23074	
7.63462	0.247889	-0.406688	-0.018919	0.0053167	1.15008	
7.89954	0.146975	-0.355775	-0.0175361	0.00512752	1.07375	
8.15162	0.0630665	-0.310464	-0.0162412	0.00516773	1.0078	
8.38276	-0.00418154	-0.271954	-0.0150597	0.00499695	0.932944	
8.58552	-0.0560986	-0.240436	-0.0140657	0.00485967	0.885011	
8.75339	-0.0943686	-0.215769	-0.0132499	0.00482391	0.832811	
8.88097	-0.120762	-0.198116	-0.0126465	0.00463605	0.797356	
8.96416	-0.136775	-0.186914	-0.0122619	0.004633	0.784654	
9	-0.14339	-0.182202	-0.0120959	0.00461211	0.759012	
9	-0.14339	-0.182202	-0.0120959	0.00461211	0.759012	
9.03584	-0.149837	-0.17759	-0.0119318	0.00455452	0.756343	
9.11903	-0.16417	-0.167041	-0.0115555	0.00449992	0.738036	
9.24661	-0.18448	-0.151485	-0.0109868	0.00440663	0.703058	
9.41448	-0.208272	-0.132172	-0.0102599	0.0042557	0.660698	
9.61724	-0.232842	-0.110482	-0.00941394	0.00408754	0.610921	
9.84838	-0.255726	-0.0879056	-0.00849368	0.00387135	0.555516	
10.1005	-0.275041	-0.0657503	-0.00754803	0.00363419	0.499102	
10.3654	-0.289663	-0.0450727	-0.00661751	0.00338858	0.44257	
10.6346	-0.299261	-0.026639	-0.00573999	0.00313044	0.388922	
10.8995	-0.304176	-0.0108439	-0.00494298	0.00288841	0.34005	
11.1516	-0.305229	0.00217983	-0.00424355	0.00266076	0.296512	
11.3828	-0.303501	0.0125311	-0.0036522	0.00245839	0.259741	
11.5855	-0.300139	0.0204556	-0.00317084	0.00229078	0.229602	
11.7534	-0.296209	0.0262532	-0.00279748	0.00215916	0.206342	
11.881	-0.292602	0.0302275	-0.00252794	0.00206705	0.189524	
11.9642	-0.289987	0.0326244	-0.00235844	0.00200819	0.178821	
12	-0.2888	0.0336121	-0.00228691	0.00198404	0.174653	
12	-0.2888	0.0336121	-0.00228691	0.00198404	0.174653	
12.0358	-0.287578	0.0345708	-0.00221624	0.00195834	0.169306	
12.119	-0.284613	0.0366834	-0.00205612	0.00189106	0.158715	
12.2466	-0.27974	0.0396506	-0.00182125	0.00179197	0.14375	
12.4145	-0.272789	0.043075	-0.001531	0.00166639	0.124853	
12.6172	-0.263693	0.0465319	-0.00120799	0.00152164	0.103914	
12.8484	-0.252562	0.0496458	-0.000874091	0.00136897	0.0819905	
13.1005	-0.239715	0.0521263	-0.000549303	0.0012093	0.060356	
13.3654	-0.225662	0.0538217	-0.000249715	0.00105505	0.0403264	
13.6346	-0.211034	0.0547025	1.46133e-05	0.00090953	0.0222249	
13.8995	-0.196509	0.0548447	0.000237508	0.000775443	0.00681332	
14.1516	-0.182728	0.0544099	0.000418318	0.000660766	-0.00590804	
14.3828	-0.17024	0.0535854	0.000559424	0.000560857	-0.0161815	
14.5855	-0.159473	0.052574	0.000664752	0.000479444	-0.0238958	
14.7534	-0.15073	0.0515593	0.000739875	0.00041539	-0.0297532	
14.881	-0.144207	0.0506895	0.000789694	0.000365669	-0.0337474	
14.9642	-0.140015	0.0500827	0.000818814	0.000334688	-0.0360702	
15	-0.138225	0.0498117	0.000830569	0.000321032	-0.0372597	
15	-0.138225	0.0498117	0.000830569	0.000321032	-0.0372597	
15.0358	-0.136445	0.0495354	0.000841829	0.000307564	-0.0379358	
15.119	-0.132351	0.0488793	0.000866268	0.000280732	-0.0396898	
15.2466	-0.126182	0.047829	0.000899672	0.000243073	-0.0424975	
15.4145	-0.118274	0.0463703	0.000936388	0.000194795	-0.0457315	
15.6172	-0.109058	0.044515	0.000970423	0.000142071	-0.0488498	
15.8484	-0.0990232	0.0423035	0.000996933	8.80063e-05	-0.0516947	
16.1005	-0.0886725	0.0398077	0.0010122	3.43052e-05	-0.0538534	
16.3654	-0.0784801	0.0371336	0.00101478	-1.33589e-05	-0.0551563	
16.6346	-0.0688502	0.0343986	0.00100542	-5.54378e-05	-0.0557385	
16.8995	-0.0600924	0.031723	0.000985857	-9.09656e-05	-0.0555201	
17.1516	-0.0524124	0.0292196	0.000959403	-0.000118119	-0.054765	
17.3828	-0.0459191	0.0269754	0.000929491	-0.000140375	-0.0537245	
17.5855	-0.0406447	0.025059	0.000899291	-0.000156818	-0.0524424	
17.7534	-0.0365682	0.0235155	0.000871986	-0.000168544	-0.0513089	
17.881	-0.0336414	0.0223686	0.000849862	-0.000178386	-0.0503886	
17.9642	-0.0318113	0.0216353	0.000834779	-0.000183865	-0.0495453	
18	-0.0310414	0.0213238	0.000828162	-0.000185188	-0.0490829	
18	-0.0310414	0.0213238	0.000828162	-0.000185188	-0.0490829	
18.0358	-0.0302827	0.0210153	0.000821513	-0.000185772	-0.0486631	
18.119	-0.028564	0.0203095	0.00080605	-0.000185824	-0.0477914	
18.2466	-0.0260406	0.0192517	0.000782356	-0.000185814	-0.0466272	
18.4145	-0.0229227	0.0179028	0.000751025	-0.000187665	-0.0450771	
18.6172	-0.0194522	0.0163417	0.000712744	-0.000189715	-0.043074	
18.8484	-0.0158719	0.0146552	0.00066873	-0.000191079	-0.0407605	
19.1005	-0.0123976	0.0129303	0.000620462	-0.000191526	-0.0381453	
19.3654	-0.00919777	0.0112491	0.000569958	-0.000189362	-0.0353393	
19.6346	-0.00638364	0.00967739	0.000519435	-0.000185772	-0.0325148	
19.8995	-0.00400997	0.0082646	0.000470871	-0.000180421	-0.0297128	
20.1516	-0.00208321	0.0070417	0.000426252	-0.000173415	-0.0271147	
20.3828	-0.00057541	0.00602129	0.000387018	-0.000165657	-0.0247484	
20.5855	0.000561556	0.00520594	0.000354401	-0.000155383	-0.0226452	
20.7534	0.00138279	0.00458639	0.000329242	-0.000143897	-0.02095	
20.881	0.00193972	0.00414905	0.000311583	-0.000132335	-0.0196125	
20.9642	0.00227356	0.00387902	0.000300944	-0.00012355	-0.0189355	
21	0.00241054	0.00376484	0.00029657	-0.000120801	-0.0189041	
21	0.00241054	0.00376484	0.00029657	-0.000120801	-0.0189041	
21.0358	0.00254343	0.00365052	0.000292261	-0.00011991	-0.0189428	
21.119	0.00283613	0.00338784	0.000282251	-0.000121031	-0.0185391	
21.2466	0.00324347	0.00300135	0.000266725	-0.000121848	-0.0175523	
21.4145	0.0037069	0.00252599	0.00024643	-0.0001196	-0.0163039	
21.6172	0.00416483	0.00199957	0.000222616	-0.00011496	-0.0148321	
21.8484	0.00456361	0.00146176	0.00019688	-0.000107503	-0.0132223	
22.1005	0.00486546	0.000944519	0.000170809	-9.95805e-05	-0.0116464	
22.3654	0.00505158	0.000472603	0.000145433	-9.19107e-05	-0.0100678	
22.6346	0.0051223	6.41136e-05	0.000121808	-8.35949e-05	-0.00858265	
22.8995	0.0050931	-0.000274651	0.000100671	-7.60771e-05	-0.00725806	
23.1516	0.00498897	-0.00054305	8.24122e-05	-6.86841e-05	-0.00607025	
23.3828	0.0048391	-0.000747776	6.7279e-05	-6.26737e-05	-0.00515755	
23.5855	0.00467161	-0.000900411	5.48791e-05	-6.00747e-05	-0.00447303	
23.7534	0.00451106	-0.00101014	4.48222e-05	-6.02764e-05	-0.00400941	
23.881	0.00437726	-0.00108648	3.69414e-05	-6.39257e-05	-0.00378766	
23.9642	0.00428494	-0.00113235	3.14818e-05	-6.69897e-05	-0.00335189	
24	0.00424404	-0.00114919	2.90812e-05	-6.66187e-05	-0.00285293	
24	0.00424404	-0.00114919	2.90812e-05	-6.66187e-05	-0.00285293	
24.0358	0.0042026	-0.00116322	2.67297e-05	-6.43951e-05	-0.00246988	
24.119	0.0041047	-0.00118913	2.1681e-05	-5.67222e-05	-0.00191731	
24.2466	0.00395101	-0.00121867	1.51934e-05	-4.54887e-05	-0.00147945	
24.4145	0.00374392	-0.00124692	8.43825e-06	-3.59398e-05	-0.00111929	
24.6172	0.0034886	-0.0012697	1.79057e-06	-3.0493e-05	-0.000783559	
24.8484	0.00319338	-0.00128227	-4.96381e-06	-2.82439e-05	-0.000386111	
25.1005	0.00287034	-0.00127734	-1.17722e-05	-2.54698e-05	0.000113746	
25.3654	0.00253494	-0.00125173	-1.79981e-05	-2.16584e-05	0.000543212	
25.6346	0.00220321	-0.00121015	-2.35251e-05	-1.98241e-05	0.000861117	
25.8995	0.00188947	-0.00115622	-2.87274e-05	-1.95031e-05	0.00118417	
26.1516	0.00160586	-0.00109162	-3.35642e-05	-1.86509e-05	0.00153601	
26.3828	0.00136164	-0.00101939	-3.76167e-05	-1.6033e-05	0.00189811	
26.5855	0.00116227	-0.000945662	-4.04901e-05	-1.21358e-05	0.0021855	
26.7534	0.00100914	-0.00087738	-4.21684e-05	-7.31221e-06	0.00250574	
26.881	0.000900927	-0.000817394	-4.26424e-05	9.27576e-07	0.00297502	
26.9642	0.000834747	-0.000773335	-4.22243e-05	9.29077e-06	0.00316127	
27	0.000807372	-0.000754341	-4.18312e-05	1.24773e-05	0.00302247	
27	0.000807372	-0.000754341	-4.18312e-05	1.24773e-05	0.00302247	
27.0358	0.000780654	-0.000736856	-4.13504e-05	1.40534e-05	0.00272011	
27.119	0.000720894	-0.000700584	-4.01698e-05	1.38665e-05	0.00244042	
27.2466	0.00063486	-0.000648363	-3.85067e-05	1.23563e-05	0.00235976	
27.4145	0.00053162	-0.000582189	-3.65187e-05	1.13898e-05	0.00225276	
27.6172	0.00042132	-0.00050638	-3.42929e-05	1.0771e-05	0.00215848	
27.8484	0.000313934	-0.000423493	-3.17073e-05	1.17979e-05	0.00206518	
28.1005	0.000217896	-0.000339986	-2.86273e-05	1.23321e-05	0.00186465	
28.3654	0.000138459	-0.000260872	-2.53779e-05	1.24489e-05	0.0017172	
28.6346	7.83302e-05	-0.000187026	-2.18054e-05	1.4182e-05	0.00155758	
28.8995	3.74001e-05	-0.000123667	-1.78903e-05	1.52527e-05	0.00133805	
29.1516	1.29643e-05	-7.12824e-05	-1.38361e-05	1.72733e-05	0.00118403	
29.3828	1.33957e-06	-3.10858e-05	-9.57341e-06	1.92267e-05	0.000910692	
29.5855	-2.2285e-06	-5.53083e-06	-5.68754e-06	1.89956e-05	0.000657152	
29.7534	-1.81799e-06	9.03977e-06	-2.5285e-06	1.81708e-05	0.000339495	
29.881	-4.9526e-07	9.14608e-06	-5.58245e-07	1.09757e-05	-0.000378095	
29.9642	-2.3485e-08	1.8122e-06	-2.43804e-08	1.90109e-06	-0.000517027	
30	2.09884e-17	-1.98184e-16	-1.05384e-17	5.68184e-18	1.75412e-10	
