0	-0.466667	2.26337e-15	2.09433	1.19938e-17	82.04	
0.0358417	-0.465465	-0.0678003	2.09908	0.327882	-61.3566	
0.119026	-0.500633	-0.61392	2.16463	1.12885	-2.75515	
0.24661	-0.580907	-0.820959	2.34625	1.77883	-44.5654	
0.414481	-0.857171	-2.41607	2.74833	2.83742	-37.0354	
0.617243	-1.38537	-2.63347	3.26533	2.02316	-10.2623	
0.848377	-2.14197	-4.1566	3.65267	1.4513	-41.0199	
1.10046	-3.09765	-1.99804	3.71182	-1.85126	156.23	
1.36538	-2.53491	6.32525	2.54554	-5.9707	173.223	
1.63462	-0.19955	9.5368	1.25913	-2.79639	-25.1599	
1.89954	1.91922	5.8651	0.868756	-0.975099	-107.676	
2.15162	2.93516	2.71062	0.585389	-1.04659	-38.6304	
2.38276	3.42652	1.50239	0.425525	-0.507255	-42.102	
2.58552	3.57767	0.0768346	0.28625	-0.802805	-26.0536	
2.75339	3.5659	-0.107876	0.189429	-0.313171	-5.28715	
2.88097	3.52906	-0.563861	0.146818	-0.448172	-26.8968	
2.96416	3.47548	-0.607411	0.11194	-0.284334	18.316	
3	3.45491	-0.588271	0.104039	-0.206533	-32.7038	
3	3.45491	-0.588271	0.104039	-0.206533	-32.7038	
3.03584	3.43123	-0.713535	0.0950987	-0.272416	-12.8984	
3.11903	3.36823	-0.778702	0.0742702	-0.211134	-2.13553	
3.24661	3.26486	-0.854601	0.0526693	-0.148634	-5.36851	
3.41448	3.11082	-0.964832	0.0288893	-0.126867	-2.2568	
3.61724	2.91204	-0.987725	0.0102349	-0.0614534	-0.670305	
3.84838	2.68015	-1.02136	-0.00201473	-0.0524482	-0.980848	
4.10046	2.4226	-1.0069	-0.0130519	-0.0274844	1.07781	
4.36538	2.16286	-0.96	-0.0167296	-0.0100331	0.405121	
4.63462	1.90781	-0.92897	-0.0209671	-0.0167141	1.10613	
4.89954	1.67117	-0.854914	-0.0225344	0.00405257	1.45977	
5.15162	1.46209	-0.809395	-0.0222712	-0.0059943	0.772462	
5.38276	1.28063	-0.75328	-0.0235221	0.0013957	1.84505	
5.58552	1.13395	-0.699757	-0.0221742	0.00570379	0.850547	
5.75339	1.01856	-0.672246	-0.022242	-0.00300174	1.42664	
5.88097	0.935283	-0.632417	-0.0219098	0.00826132	1.53968	
5.96416	0.88331	-0.620358	-0.0213961	0.00123024	0.342262	
6	0.861161	-0.613688	-0.021401	0.000388822	2.29567	
6	0.861161	-0.613688	-0.021401	0.000388822	2.29567	
6.03584	0.839385	-0.602264	-0.0213056	0.00408426	1.48433	
6.11903	0.790048	-0.584765	-0.020962	0.00341075	1.08208	
6.24661	0.717107	-0.557993	-0.0205905	0.00318504	1.26279	
6.41448	0.626542	-0.521549	-0.0199107	0.0044316	1.16134	
6.61724	0.524876	-0.481526	-0.0191137	0.00352277	1.11624	
6.84838	0.418876	-0.435721	-0.0182052	0.0045314	1.11651	
7.10046	0.315011	-0.389239	-0.0170435	0.0043044	1.002	
7.36538	0.21796	-0.343565	-0.0159667	0.00418346	0.987363	
7.63462	0.131532	-0.299157	-0.0147383	0.00468897	0.900381	
7.89954	0.0575381	-0.260001	-0.0135968	0.00397492	0.832619	
8.15162	-0.00348151	-0.22438	-0.0125542	0.00441865	0.799347	
8.38276	-0.0518391	-0.194717	-0.0115486	0.00404455	0.705101	
8.58552	-0.0888724	-0.170613	-0.010772	0.00385117	0.697516	
8.75339	-0.115871	-0.15136	-0.0100939	0.00408111	0.634511	
8.88097	-0.134335	-0.1382	-0.00960501	0.00358938	0.603838	
8.96416	-0.14547	-0.12945	-0.00930166	0.00380421	0.627455	
9	-0.150043	-0.125827	-0.00916401	0.00380746	0.548037	
9	-0.150043	-0.125827	-0.00916401	0.00380746	0.548037	
9.03584	-0.154492	-0.122426	-0.00903097	0.00364759	0.570091	
9.11903	-0.164342	-0.114393	-0.00872998	0.00361717	0.566654	
9.24661	-0.178175	-0.102589	-0.0082717	0.00353805	0.532413	
9.41448	-0.194163	-0.0880394	-0.00769296	0.00337421	0.500713	
9.61724	-0.210333	-0.0716971	-0.00701995	0.00325956	0.460755	
9.84838	-0.224922	-0.0548457	-0.00629023	0.00304688	0.415223	
10.1005	-0.236633	-0.0383853	-0.00554737	0.00286057	0.372212	
10.3654	-0.244736	-0.0231424	-0.00481467	0.00265721	0.325871	
10.6346	-0.249116	-0.00971098	-0.00413144	0.00242777	0.284544	
10.8995	-0.250136	0.00172011	-0.00351169	0.00224972	0.246208	
11.1516	-0.248502	0.0109914	-0.0029703	0.00204199	0.21137	
11.3828	-0.245098	0.018284	-0.00251751	0.00188569	0.184175	
11.5855	-0.240818	0.0237882	-0.00214836	0.0017473	0.159307	
11.7534	-0.236487	0.0277349	-0.00186612	0.00162126	0.142141	
11.881	-0.232774	0.030427	-0.00166364	0.00155292	0.12921	
11.9642	-0.230176	0.0320148	-0.00153696	0.00148921	0.119451	
12	-0.229016	0.0326663	-0.00148406	0.00146515	0.118663	
12	-0.229016	0.0326663	-0.00148406	0.00146515	0.118663	
12.0358	-0.227834	0.0333036	-0.00143185	0.00144738	0.114189	
12.119	-0.225005	0.0346932	-0.00131362	0.00139417	0.105966	
12.2466	-0.220453	0.0366214	-0.00114087	0.00131546	0.0949777	
12.4145	-0.214117	0.038807	-0.000928197	0.00121845	0.0809741	
12.6172	-0.206023	0.0409439	-0.000692885	0.00110368	0.0654171	
12.8484	-0.196336	0.0427748	-0.000451946	0.000982791	0.0494273	
13.1005	-0.185371	0.0441101	-0.000219995	0.000858561	0.0337292	
13.3654	-0.173573	0.0448582	-8.83767e-06	0.000737613	0.0193431	
13.6346	-0.16146	0.0450238	0.000174499	0.00062565	0.00659524	
13.8995	-0.149567	0.0446826	0.000326528	0.000523644	-0.00417487	
14.1516	-0.138387	0.0439662	0.000447318	0.000436213	-0.012885	
14.3828	-0.128328	0.0430243	0.000539497	0.000362221	-0.0197643	
14.5855	-0.119705	0.0420085	0.000606786	0.000302517	-0.0248679	
14.7534	-0.112732	0.0410538	0.000653711	0.000256866	-0.028593	
14.881	-0.107544	0.0402675	0.000684328	0.000223383	-0.031083	
14.9642	-0.104216	0.0397307	0.000702056	0.000203072	-0.0325071	
15	-0.102796	0.0394938	0.000709181	0.000194486	-0.0331796	
15	-0.102796	0.0394938	0.000709181	0.000194486	-0.0331796	
15.0358	-0.101385	0.0392538	0.000715998	0.000185992	-0.0336917	
15.119	-0.0981434	0.0386859	0.000730694	0.000167528	-0.0349236	
15.2466	-0.0932648	0.0377867	0.000750332	0.000140527	-0.0366849	
15.4145	-0.0870239	0.0365584	0.000771093	0.00010731	-0.0386428	
15.6172	-0.0797663	0.0350203	0.000789097	7.08937e-05	-0.0405421	
15.8484	-0.0718798	0.0332138	0.0008011	3.37419e-05	-0.0421357	
16.1005	-0.06376	0.031204	0.000805052	-1.49236e-06	-0.0432431	
16.3654	-0.0557755	0.029074	0.000800349	-3.31559e-05	-0.0438021	
16.6346	-0.0482383	0.0269159	0.000787669	-6.01795e-05	-0.0438084	
16.8995	-0.0413861	0.0248208	0.000768737	-8.20224e-05	-0.0433522	
17.1516	-0.0353763	0.0228697	0.000745844	-9.90126e-05	-0.0425595	
17.3828	-0.0302925	0.0211283	0.000721463	-0.000111468	-0.0415681	
17.5855	-0.0261596	0.0196448	0.000697946	-0.000120186	-0.0405332	
17.7534	-0.0229624	0.0184512	0.000677269	-0.000125924	-0.0395671	
17.881	-0.020665	0.0175666	0.000660977	-0.000129332	-0.0387811	
17.9642	-0.0192273	0.0170007	0.00065014	-0.000131196	-0.0382504	
18	-0.0186223	0.0167596	0.000645425	-0.000131891	-0.0380083	
18	-0.0186223	0.0167596	0.000645425	-0.000131891	-0.0380083	
18.0358	-0.0180259	0.0165201	0.000640685	-0.000132594	-0.0377996	
18.119	-0.0166747	0.0159702	0.000629582	-0.000134329	-0.0372615	
18.2466	-0.01469	0.0151443	0.000612297	-0.00013652	-0.0363874	
18.4145	-0.0122367	0.0140908	0.000589198	-0.000138551	-0.0352056	
18.6172	-0.00950442	0.0128694	0.000560946	-0.000139917	-0.033729	
18.8484	-0.00668417	0.0115466	0.00052856	-0.000140096	-0.0320039	
19.1005	-0.00394646	0.0101892	0.000493361	-0.000138963	-0.0300974	
19.3654	-0.00142556	0.00885849	0.000456851	-0.000136461	-0.0280853	
19.6346	0.000788653	0.00760546	0.000420578	-0.000132825	-0.0260605	
19.8995	0.0026508	0.00646836	0.000385955	-0.000128436	-0.0241035	
20.1516	0.00415405	0.00547216	0.00035417	-0.000123678	-0.0222905	
20.3828	0.00532021	0.00462971	0.000326114	-0.00011906	-0.0206799	
20.5855	0.00618865	0.00394465	0.000302395	-0.000114881	-0.0193101	
20.7534	0.00680587	0.00341429	0.000283399	-0.000111452	-0.0182135	
20.881	0.00721695	0.00303284	0.000269343	-0.000108901	-0.0173972	
20.9642	0.00745925	0.00279396	0.000260352	-0.000107268	-0.0168822	
21	0.00755758	0.00269332	0.000256519	-0.000106644	-0.0166767	
21	0.00755758	0.00269332	0.000256519	-0.000106644	-0.0166767	
21.0358	0.00765233	0.00259404	0.000252707	-0.000106051	-0.0164483	
21.119	0.0078587	0.00236914	0.000243947	-0.000104543	-0.015927	
21.2466	0.00813971	0.00203888	0.00023077	-0.000101981	-0.0151401	
21.4145	0.00844732	0.00163084	0.000213959	-9.82535e-05	-0.0141305	
21.6172	0.00873125	0.00117672	0.000194519	-9.34637e-05	-0.0129594	
21.8484	0.00894811	0.000708286	0.000173562	-8.78669e-05	-0.0116893	
22.1005	0.00906817	0.00025381	0.000152184	-8.17528e-05	-0.0103863	
22.3654	0.00907869	-0.000164673	0.000131361	-7.5484e-05	-0.00910975	
22.6346	0.00898359	-0.00053246	0.00011187	-6.93442e-05	-0.00790705	
22.8995	0.00880041	-0.000842229	9.42651e-05	-6.36284e-05	-0.00681686	
23.1516	0.00855564	-0.00109294	7.88706e-05	-5.85767e-05	-0.00586031	
23.3828	0.00827985	-0.00128812	6.58304e-05	-5.4334e-05	-0.0050508	
23.5855	0.00800348	-0.00143416	5.5155e-05	-5.10397e-05	-0.00439215	
23.7534	0.00775377	-0.0015385	4.6791e-05	-4.86666e-05	-0.00387999	
23.881	0.00755294	-0.00160837	4.06819e-05	-4.71495e-05	-0.00351285	
23.9642	0.00741741	-0.00164973	3.67958e-05	-4.62907e-05	-0.00327328	
24	0.00735798	-0.00166649	3.51436e-05	-4.58943e-05	-0.00316095	
24	0.00735798	-0.00166649	3.51436e-05	-4.58943e-05	-0.00316095	
24.0358	0.00729796	-0.00168258	3.35066e-05	-4.54405e-05	-0.00304833	
24.119	0.00715652	-0.00171732	2.97775e-05	-4.41774e-05	-0.0027907	
24.2466	0.00693436	-0.00176406	2.4276e-05	-4.20808e-05	-0.00243584	
24.4145	0.00663381	-0.00181458	1.74248e-05	-3.95791e-05	-0.00199699	
24.6172	0.00626103	-0.00185959	9.70216e-06	-3.65818e-05	-0.00148666	
24.8484	0.00582718	-0.00189117	1.62906e-06	-3.33504e-05	-0.000961469	
25.1005	0.00534839	-0.00190394	-6.3785e-06	-3.02055e-05	-0.000430547	
25.3654	0.00484471	-0.00189494	-1.39526e-05	-2.70227e-05	7.6314e-05	
25.6346	0.00433809	-0.00186502	-2.08483e-05	-2.4282e-05	0.000534996	
25.8995	0.00384998	-0.00181699	-2.69456e-05	-2.17374e-05	0.00095697	
26.1516	0.00339936	-0.00175594	-3.21373e-05	-1.95504e-05	0.00130704	
26.3828	0.0030011	-0.00168834	-3.64635e-05	-1.78634e-05	0.00161352	
26.5855	0.00266555	-0.00162013	-3.99115e-05	-1.61364e-05	0.00186593	
26.7534	0.00239871	-0.0015583	-4.25195e-05	-1.49972e-05	0.00204414	
26.881	0.00220307	-0.0015079	-4.4369e-05	-1.38565e-05	0.0022219	
26.9642	0.00207907	-0.00147345	-4.54803e-05	-1.29796e-05	0.00225407	
27	0.00202652	-0.00145891	-4.59475e-05	-1.32228e-05	0.00214453	
27	0.00202652	-0.00145891	-4.59475e-05	-1.32228e-05	0.00214453	
27.0358	0.0019745	-0.00144357	-4.64191e-05	-1.28116e-05	0.00247608	
27.119	0.00185597	-0.00140638	-4.73979e-05	-1.11763e-05	0.00240128	
27.2466	0.00168004	-0.00135134	-4.8891e-05	-1.22454e-05	0.0024686	
27.4145	0.00145973	-0.0012721	-5.0796e-05	-9.82908e-06	0.00276617	
27.6172	0.00121182	-0.00117351	-5.26054e-05	-9.03193e-06	0.00274658	
27.8484	0.000953794	-0.00105724	-5.47581e-05	-8.48393e-06	0.0030647	
28.1005	0.000704598	-0.00091909	-5.62311e-05	-3.60978e-06	0.00321533	
28.3654	0.000480394	-0.000772957	-5.70355e-05	-2.34551e-06	0.00333421	
28.6346	0.00029357	-0.000612127	-5.6638e-05	6.95831e-06	0.00370605	
28.8995	0.000153106	-0.000449192	-5.32965e-05	1.75529e-05	0.00364244	
29.1516	5.93621e-05	-0.000292607	-4.72877e-05	3.28391e-05	0.00393535	
29.3828	9.13346e-06	-0.000143594	-3.68542e-05	5.7178e-05	0.00370463	
29.5855	-8.48169e-06	-3.47581e-05	-2.38344e-05	6.98147e-05	0.00291423	
29.7534	-8.11262e-06	3.47967e-05	-1.14385e-05	7.63413e-05	0.00187803	
29.881	-2.39832e-06	4.28221e-05	-2.70833e-06	5.16962e-05	-0.00150134	
29.9642	-1.19526e-07	9.15346e-06	-1.24098e-07	9.60518e-06	-0.00256583	
30	-3.13251e-18	4.87175e-17	2.96719e-18	-1.58588e-18	9.11539e-10	
