0	-0.7	-1.18469e-15	3.1415	-3.1415	11.4437	
0.0145026	-0.699818	0.0247573	3.09668	-3.03932	10.7778	
0.0481614	-0.698073	0.078259	2.99853	-2.79025	10.0941	
0.0997853	-0.692091	0.151303	2.86483	-2.3854	8.59823	
0.167711	-0.679176	0.224384	2.72166	-1.8275	6.09568	
0.249754	-0.658362	0.276292	2.59941	-1.15699	2.95888	
0.343278	-0.631782	0.281699	2.52508	-0.444934	-1.28099	
0.445276	-0.606005	0.20867	2.51529	0.234667	-6.84316	
0.55247	-0.592503	0.0221698	2.57345	0.831091	-14.1986	
0.661415	-0.606976	-0.316252	2.69207	1.33124	-23.9062	
0.76861	-0.666731	-0.830056	2.85749	1.74225	-34.8329	
0.870608	-0.783547	-1.48498	3.05157	2.04514	-43.9225	
0.964131	-0.954885	-2.19135	3.25117	2.19799	-49.03	
1.04617	-1.16123	-2.83568	3.43179	2.1747	-47.9034	
1.1141	-1.37083	-3.32498	3.57452	2.00393	-42.3919	
1.16572	-1.55106	-3.65064	3.67265	1.78678	-37.4597	
1.19938	-1.67711	-3.83294	3.72988	1.60761	-30.4721	
1.21389	-1.73317	-3.89424	3.75253	1.51504	-23.5705	
1.21389	-1.73317	-3.89424	3.75253	1.51504	-23.5705	
1.22839	-1.79007	-3.95648	3.77383	1.42374	-30.7491	
1.26205	-1.92594	-4.11007	3.81841	1.22018	-23.8618	
1.31367	-2.14131	-4.20769	3.8714	0.818707	-6.01947	
1.3816	-2.42903	-4.26921	3.90883	0.300034	-7.20362	
1.46364	-2.77847	-4.176	3.90873	-0.331783	24.2407	
1.55716	-3.14258	-3.5509	3.83604	-1.22517	48.3923	
1.65916	-3.45788	-2.53482	3.66433	-2.17204	85.2208	
1.76636	-3.61616	-0.0893578	3.34536	-3.99207	194.57	
1.8753	-3.4159	3.85954	2.77753	-6.28	229.174	
1.98249	-2.80693	7.27991	2.07665	-6.28	156.347	
2.08449	-1.97245	8.68627	1.53514	-4.20911	12.5748	
2.17802	-1.18346	7.93063	1.22253	-2.63933	-87.0332	
2.26006	-0.580521	6.81599	1.03922	-1.87778	-69.3496	
2.32799	-0.143723	6.01632	0.927459	-1.46213	-84.0667	
2.37961	0.147216	5.2558	0.855277	-1.34734	-81.9935	
2.41327	0.317575	4.89474	0.81175	-1.22562	-55.4839	
2.42777	0.387487	4.7329	0.794327	-1.18768	-91.235	
2.42777	0.387487	4.7329	0.794327	-1.18768	-91.235	
2.44227	0.454662	4.53727	0.777143	-1.17829	-75.1189	
2.47593	0.60093	4.1637	0.738475	-1.11642	-63.9097	
2.52756	0.802043	3.62982	0.683031	-1.03866	-62.1323	
2.59548	1.02594	2.97782	0.614878	-0.968645	-54.2716	
2.67752	1.2421	2.31	0.539022	-0.881556	-46.0943	
2.77105	1.42668	1.65381	0.460419	-0.802772	-39.5344	
2.87305	1.56424	1.06738	0.382815	-0.715989	-31.1208	
2.98024	1.6516	0.57938	0.311268	-0.621611	-25.3423	
3.08919	1.69196	0.177951	0.248026	-0.53954	-19.8291	
3.19638	1.69432	-0.119588	0.194808	-0.453364	-15.0088	
3.29838	1.6703	-0.344173	0.152205	-0.385292	-12.3075	
3.3919	1.63026	-0.503276	0.118818	-0.327564	-8.94974	
3.47395	1.5845	-0.609313	0.0940144	-0.279497	-7.63495	
3.54187	1.54045	-0.68491	0.0760672	-0.248968	-6.05352	
3.59349	1.50395	-0.727449	0.0638951	-0.222505	-4.88939	
3.62715	1.47901	-0.754576	0.0566385	-0.209739	-5.2344	
3.64166	1.46799	-0.765147	0.0536335	-0.204183	-3.6968	
3.64166	1.46799	-0.765147	0.0536335	-0.204183	-3.6968	
3.65616	1.45683	-0.773853	0.050723	-0.197431	-4.01627	
3.68982	1.43043	-0.794501	0.0442977	-0.184689	-3.79212	
3.74144	1.3887	-0.821232	0.0352385	-0.166347	-2.99728	
3.80937	1.33196	-0.847934	0.0247125	-0.144137	-2.27699	
3.89141	1.2614	-0.870437	0.013847	-0.121294	-1.48902	
3.98493	1.17927	-0.88388	0.00359114	-0.0986091	-0.714925	
4.08693	1.08886	-0.887282	-0.00539132	-0.0782942	-0.10021	
4.19413	0.994017	-0.880653	-0.0128234	-0.0608796	0.46916	
4.30307	0.898851	-0.865205	-0.0186317	-0.0463212	0.881002	
4.41027	0.807192	-0.84403	-0.0229741	-0.0351093	1.19805	
4.51226	0.722338	-0.819117	-0.0260873	-0.0261868	1.45094	
4.60579	0.646914	-0.793515	-0.0282165	-0.0196292	1.58882	
4.68783	0.58279	-0.769355	-0.0296278	-0.014845	1.72577	
4.75576	0.531245	-0.748238	-0.0305121	-0.0113081	1.78349	
4.80738	0.493038	-0.731935	-0.0310383	-0.00912231	1.82516	
4.84104	0.468585	-0.720997	-0.0313214	-0.00768389	1.8795	
4.85554	0.458163	-0.716263	-0.0314285	-0.00711199	1.84043	
4.85554	0.458163	-0.716263	-0.0314285	-0.00711199	1.84043	
4.87004	0.447809	-0.711557	-0.031528	-0.00660359	1.87051	
4.9037	0.424045	-0.700474	-0.0317298	-0.0053944	1.89908	
4.95533	0.388326	-0.683324	-0.0319637	-0.00370759	1.9186	
5.02325	0.342683	-0.660554	-0.0321482	-0.00176633	1.94429	
5.1053	0.289626	-0.632825	-0.0322078	0.000253846	1.96117	
5.19882	0.231923	-0.601152	-0.0320928	0.00214007	1.96679	
5.30082	0.172365	-0.566706	-0.0317862	0.00381264	1.96234	
5.40801	0.113544	-0.530837	-0.0312998	0.00520325	1.94348	
5.51696	0.0576732	-0.494927	-0.0306707	0.00630026	1.91639	
5.62415	0.00648482	-0.460253	-0.0299481	0.00714626	1.88141	
5.72615	-0.0388087	-0.427997	-0.0291866	0.00775601	1.84218	
5.81967	-0.07748	-0.399099	-0.02844	0.00819523	1.80391	
5.90172	-0.109203	-0.374328	-0.0277547	0.00849533	1.7662	
5.96964	-0.133946	-0.354252	-0.0271709	0.00868904	1.73518	
6.02127	-0.151845	-0.339253	-0.0267189	0.00881714	1.71047	
6.05492	-0.163102	-0.329604	-0.026421	0.00888429	1.693	
6.06943	-0.167852	-0.325478	-0.026292	0.00891126	1.68749	
6.06943	-0.167852	-0.325478	-0.026292	0.00891126	1.68749	
6.08393	-0.172542	-0.321368	-0.0261625	0.00893848	1.67975	
6.11759	-0.1832	-0.311905	-0.0258607	0.00899385	1.66278	
6.16921	-0.198931	-0.29759	-0.0253945	0.00906558	1.63693	
6.23714	-0.218515	-0.279124	-0.0247761	0.00913739	1.60216	
6.31918	-0.24052	-0.257388	-0.024024	0.00919322	1.55971	
6.4127	-0.263462	-0.233372	-0.0231625	0.00922362	1.51078	
6.5147	-0.285969	-0.208112	-0.0222215	0.00922181	1.45691	
6.6219	-0.306901	-0.182615	-0.0212345	0.00918882	1.40019	
6.73084	-0.325435	-0.157801	-0.0202364	0.00912983	1.34247	
6.83804	-0.34109	-0.134464	-0.0192618	0.00905079	1.28582	
6.94003	-0.353714	-0.113242	-0.0183431	0.00896133	1.23228	
7.03356	-0.363428	-0.0946204	-0.0175093	0.00886959	1.18346	
7.1156	-0.370544	-0.0789372	-0.0167851	0.00878268	1.14095	
7.18353	-0.375478	-0.0664099	-0.0161911	0.00870743	1.10602	
7.23515	-0.378666	-0.0571639	-0.0157431	0.00864846	1.07961	
7.26881	-0.380491	-0.0512623	-0.0154526	0.00860943	1.06252	
7.28331	-0.381216	-0.0487501	-0.0153279	0.00859257	1.05519	
7.28331	-0.381216	-0.0487501	-0.0153279	0.00859257	1.05519	
7.29781	-0.381905	-0.0462563	-0.0152034	0.00857583	1.04796	
7.33147	-0.383365	-0.0405386	-0.0149154	0.00853726	1.03105	
7.3831	-0.385236	-0.0319606	-0.0144762	0.00847761	1.00509	
7.45102	-0.387033	-0.0210252	-0.0139031	0.00839797	0.971176	
7.53307	-0.388234	-0.00834404	-0.0132181	0.00830065	0.930566	
7.62659	-0.388365	0.00541638	-0.012447	0.0081888	0.884756	
7.72859	-0.387082	0.0195907	-0.011618	0.00806655	0.835404	
7.83578	-0.384225	0.033565	-0.0107601	0.00793891	0.78425	
7.94473	-0.379838	0.0468154	-0.00990222	0.00781118	0.732989	
8.05192	-0.374162	0.0589313	-0.00907154	0.00768786	0.683241	
8.15392	-0.367599	0.0696255	-0.00829326	0.00757339	0.636581	
8.24744	-0.360656	0.0787277	-0.00758975	0.00747158	0.594337	
8.32949	-0.353889	0.086166	-0.00698034	0.00738468	0.557675	
8.39741	-0.347838	0.0919429	-0.00648112	0.00731471	0.527638	
8.44904	-0.342983	0.0961046	-0.00610485	0.00726272	0.504925	
8.48269	-0.339704	0.0987121	-0.00586096	0.0072291	0.49017	
8.4972	-0.338265	0.09981	-0.00575622	0.00721473	0.483874	
8.4972	-0.338265	0.09981	-0.00575622	0.00721473	0.483874	
8.5117	-0.336809	0.100892	-0.0056517	0.00720002	0.477218	
8.54536	-0.333372	0.103343	-0.00540994	0.00716489	0.462472	
8.59698	-0.327943	0.106943	-0.00504144	0.00711195	0.440156	
8.66491	-0.320526	0.111386	-0.00456069	0.00704335	0.410905	
8.74695	-0.311182	0.116313	-0.00398616	0.00696269	0.37601	
8.84048	-0.300064	0.121352	-0.00333916	0.00687369	0.336528	
8.94247	-0.287435	0.126152	-0.00264292	0.0067787	0.293934	
9.04967	-0.273676	0.130426	-0.00192151	0.00668167	0.249648	
9.15861	-0.259267	0.133971	-0.0011989	0.00658373	0.204996	
9.26581	-0.244754	0.136683	-0.000498333	0.00648729	0.161547	
9.36781	-0.230711	0.138557	0.000158632	0.00639405	0.120425	
9.46133	-0.217696	0.139676	0.000752485	0.00630491	0.0830205	
9.54337	-0.206212	0.140189	0.00126646	0.00622385	0.0503941	
9.6113	-0.196685	0.140285	0.00168682	0.00615225	0.0233447	
9.66292	-0.189445	0.140161	0.00200296	0.00609551	0.00316553	
9.69658	-0.18473	0.139988	0.00220749	0.00605729	-0.0105299	
9.71108	-0.182701	0.13989	0.0022952	0.00603856	-0.0172889	
9.71108	-0.182701	0.13989	0.0022952	0.00603856	-0.0172889	
9.72559	-0.180673	0.139779	0.00238265	0.00602139	-0.0209006	
9.75924	-0.175973	0.139475	0.0025847	0.00598313	-0.0350868	
9.81087	-0.168788	0.13886	0.00289176	0.00591232	-0.0555159	
9.87879	-0.15939	0.137804	0.00329031	0.00582282	-0.0812369	
9.96084	-0.14815	0.136136	0.00376307	0.00569676	-0.114438	
10.0544	-0.135527	0.133719	0.0042882	0.0055321	-0.14996	
10.1564	-0.122047	0.130473	0.00484265	0.00533225	-0.190089	
10.2636	-0.108276	0.126351	0.00540036	0.00506453	-0.232104	
10.3725	-0.0947712	0.12145	0.00593542	0.00475014	-0.273438	
10.4797	-0.082043	0.115908	0.00642473	0.00436163	-0.316494	
10.5817	-0.0705178	0.109977	0.00684698	0.00390769	-0.35468	
10.6752	-0.0605077	0.103998	0.00719046	0.00342037	-0.391538	
10.7573	-0.0522065	0.0982944	0.00744993	0.00288973	-0.423828	
10.8252	-0.0456985	0.093288	0.00762998	0.00240666	-0.446921	
10.8768	-0.0409849	0.0892892	0.00774367	0.00198222	-0.472251	
10.9105	-0.038025	0.0865892	0.00780514	0.00167563	-0.474785	
10.925	-0.0367775	0.0854507	0.0078287	0.0015827	-0.455015	
10.925	-0.0367775	0.0854507	0.0078287	0.0015827	-0.455015	
10.9395	-0.0355468	0.0842515	0.00785075	0.00143598	-0.515056	
10.9731	-0.03276	0.0813588	0.00789166	0.00102378	-0.49935	
11.0248	-0.0286705	0.077054	0.00793388	0.000603167	-0.513998	
11.0927	-0.0236429	0.0708887	0.00794571	-0.00031515	-0.562044	
11.1747	-0.0181404	0.063269	0.00787387	-0.00138382	-0.557677	
11.2682	-0.012638	0.0542569	0.00768569	-0.00275515	-0.612104	
11.3702	-0.00763984	0.0437231	0.00730251	-0.00475315	-0.624801	
11.4774	-0.00353937	0.0327774	0.00669088	-0.00667758	-0.629547	
11.5864	-0.00059397	0.021227	0.0058315	-0.00919342	-0.650364	
11.6936	0.00109194	0.010486	0.00472098	-0.0113556	-0.56862	
11.7956	0.00169761	0.00153891	0.00348708	-0.0128274	-0.512111	
11.8891	0.00150655	-0.005161	0.00224176	-0.0134966	-0.330749	
11.9711	0.000953376	-0.00773919	0.00118814	-0.0118049	-0.0746874	
12.0391	0.000422343	-0.00752491	0.000472324	-0.00906097	0.139784	
12.0907	9.38708e-05	-0.004528	9.8768e-05	-0.00486257	0.605476	
12.1244	4.17027e-06	-0.000800933	4.25947e-06	-0.000821363	0.575203	
12.1389	-1.15737e-17	7.58136e-17	5.4742e-18	-1.36517e-18	-4.62515e-07	
