0	0.466667	1.33333	-2.09433	-1.04717	-77.1259
0.0351693	0.512154	1.37083	-2.13395	-1.26192	50.2621
0.116793	0.645612	1.74641	-2.26178	-1.75726	-5.91105
0.241983	0.860058	1.88387	-2.49861	-2.12683	45.0269
0.406705	1.30495	3.46052	-2.93113	-2.9392	37.0658
0.605663	2.02557	3.61003	-3.42301	-1.78248	7.33328
0.832462	2.97351	4.99716	-3.72705	-1.07094	39.2472
1.07981	4.11333	2.81505	-3.69915	2.13129	-158.359
1.33976	3.77716	-5.48142	-2.5125	6.02319	-175.752
1.60396	1.71285	-8.66949	-1.24439	2.83181	25.0611
1.86391	-0.157351	-5.16946	-0.846261	1.03031	103.398
2.11126	-1.00988	-2.20501	-0.55989	1.07432	37.518
2.33806	-1.38433	-1.07304	-0.394129	0.543301	38.9527
2.53701	-1.46275	0.201966	-0.256341	0.785691	23.6185
2.70174	-1.40823	0.361284	-0.161707	0.330386	4.40716
2.82693	-1.34369	0.752314	-0.118725	0.439882	23.6152
2.90855	-1.27683	0.782662	-0.085102	0.290431	-17.0625
2.94372	-1.25041	0.761508	-0.0769044	0.219797	28.5558
2.94372	-1.25041	0.761508	-0.0769044	0.219797	28.5558
2.97889	-1.22147	0.866812	-0.067882	0.275736	10.7062
3.06051	-1.14811	0.910455	-0.0471723	0.216377	0.804546
3.1857	-1.03226	0.950777	-0.0252587	0.152425	3.43436
3.35042	-0.869787	1.00725	-0.00199924	0.123554	0.460392
3.54938	-0.67192	0.974024	0.0155471	0.0570634	-1.07357
3.77618	-0.454991	0.941421	0.0259695	0.0424502	-0.782443
4.02353	-0.230164	0.863823	0.0340535	0.0165725	-2.53514
4.28348	-0.0199567	0.759857	0.0349178	-0.00104749	-1.78934
4.54768	0.170233	0.676334	0.0358561	0.00418135	-2.24312
4.80763	0.331519	0.563527	0.0344488	-0.014244	-2.38997
5.05498	0.460498	0.485394	0.0316176	-0.00497159	-1.60172
5.28178	0.562355	0.407068	0.030447	-0.0108839	-2.42576
5.48073	0.635955	0.338937	0.0274039	-0.0141831	-1.40512
5.64546	0.688783	0.300489	0.0260114	-0.00582104	-1.82947
5.77065	0.72365	0.256127	0.0246865	-0.0154121	-1.86625
5.85227	0.743791	0.240328	0.023591	-0.00887055	-0.734662
5.88744	0.752132	0.232393	0.0233244	-0.00798171	-2.49067
5.88744	0.752132	0.232393	0.0233244	-0.00798171	-2.49067
5.92261	0.760081	0.220324	0.0229748	-0.0111433	-1.73621
6.00423	0.77723	0.200721	0.0220736	-0.0102567	-1.33263
6.12942	0.800568	0.171716	0.0208721	-0.00962601	-1.43806
6.29414	0.8257	0.134253	0.0192065	-0.0101694	-1.27386
6.4931	0.84844	0.095001	0.0173373	-0.00871243	-1.15512
6.7199	0.865167	0.0530259	0.0153577	-0.00892192	-1.07458
6.96725	0.873233	0.0135009	0.0132234	-0.00800308	-0.89387
7.2272	0.872029	-0.0221837	0.0112896	-0.00720734	-0.811742
7.4914	0.861829	-0.0539799	0.00938097	-0.00702628	-0.673669
7.75135	0.844432	-0.0790567	0.0077169	-0.00582855	-0.564274
7.9987	0.822251	-0.0998374	0.00629996	-0.00574383	-0.496191
8.2255	0.797793	-0.115097	0.00505749	-0.00500689	-0.382686
8.42445	0.773787	-0.126091	0.0041314	-0.00451999	-0.356271
8.58918	0.752323	-0.134184	0.0033787	-0.00449046	-0.285431
8.71437	0.735225	-0.138829	0.00285511	-0.00388174	-0.248945
8.79599	0.723769	-0.14194	0.0025384	-0.0039689	-0.265699
8.83116	0.718755	-0.143134	0.00239843	-0.00392932	-0.191735
8.83116	0.718755	-0.143134	0.00239843	-0.00392932	-0.191735
8.86633	0.713704	-0.144123	0.00226398	-0.00374465	-0.209783
8.94795	0.701842	-0.146509	0.00196446	-0.00361959	-0.202573
9.07314	0.683296	-0.149642	0.00152318	-0.00340654	-0.16665
9.23786	0.658373	-0.152811	0.000989547	-0.00309095	-0.133197
9.43682	0.627683	-0.155479	0.000403115	-0.00280309	-0.0934535
9.66362	0.592224	-0.156952	-0.0001903	-0.00242802	-0.0512653
9.91097	0.553367	-0.156991	-0.000747212	-0.00209195	-0.0142366
10.1709	0.512721	-0.155473	-0.00124882	-0.00175963	0.0228741
10.4351	0.472011	-0.152501	-0.00166849	-0.0014312	0.0526387
10.6951	0.432868	-0.148479	-0.00200705	-0.00117588	0.0778695
10.9424	0.396712	-0.14374	-0.002266	-0.000918013	0.0987328
11.1692	0.364662	-0.138812	-0.00245166	-0.000730518	0.112462
11.3682	0.337506	-0.134101	-0.00258205	-0.000573742	0.124953
11.5329	0.315756	-0.129958	-0.00266497	-0.000439827	0.131627
11.6581	0.299688	-0.126723	-0.0027155	-0.00036815	0.136447
11.7397	0.289433	-0.124553	-0.00274311	-0.000304991	0.140827
11.7749	0.285069	-0.12361	-0.00275337	-0.000281219	0.139451
11.7749	0.285069	-0.12361	-0.00275337	-0.000281219	0.139451
11.81	0.280738	-0.122669	-0.00276297	-0.000263943	0.141437
11.8917	0.270816	-0.120455	-0.00278253	-0.000214636	0.144211
12.0169	0.25595	-0.117018	-0.00280484	-0.000143509	0.14697
12.1816	0.237052	-0.112437	-0.00282151	-5.97924e-05	0.150091
12.3805	0.215237	-0.106844	-0.00282388	3.42446e-05	0.152638
12.6073	0.191731	-0.100442	-0.00280533	0.000126799	0.153949
12.8547	0.167748	-0.0934873	-0.002763	0.000213301	0.153925
13.1146	0.144386	-0.0862727	-0.00269729	0.000289602	0.152316
13.3788	0.122545	-0.0791009	-0.00261223	0.000352194	0.149366
13.6388	0.102878	-0.0722503	-0.00251394	0.000402105	0.145365
13.8861	0.0857897	-0.06596	-0.00240977	0.00043842	0.140683
14.1129	0.0714635	-0.0604113	-0.00230733	0.000463843	0.135853
14.3119	0.0599128	-0.05573	-0.0022133	0.000480365	0.1312
14.4766	0.0510424	-0.0519936	-0.00213336	0.000489574	0.127135
14.6018	0.0447064	-0.049241	-0.00207177	0.000494091	0.123917
14.6834	0.0407589	-0.0474879	-0.00203137	0.000495638	0.121795
14.7186	0.0391019	-0.0467423	-0.00201393	0.000496334	0.120964
14.7186	0.0391019	-0.0467423	-0.00201393	0.000496334	0.120964
14.7538	0.037471	-0.0460024	-0.00199645	0.000497354	0.120098
14.8354	0.0337855	-0.0443079	-0.00195575	0.000499801	0.117998
14.9606	0.0283981	-0.0417727	-0.001893	0.000502377	0.114669
15.1253	0.021784	-0.0385564	-0.00181016	0.000503019	0.110202
15.3243	0.0144845	-0.0348542	-0.00171031	0.000500028	0.104742
15.5511	0.0070355	-0.0308771	-0.00159765	0.000492931	0.0985219
15.7984	-9.53937e-05	-0.0268318	-0.00147701	0.00048207	0.0917777
16.0584	-0.00655269	-0.0229039	-0.00135353	0.000467362	0.0847745
16.3226	-0.012113	-0.0192433	-0.00123235	0.000449662	0.0778305
16.5825	-0.0166815	-0.0159566	-0.00111792	0.000430492	0.0712099
16.8299	-0.0202706	-0.0131083	-0.00101383	0.000410989	0.0651317
17.0567	-0.0229693	-0.010726	-0.000922705	0.000392535	0.0597823
17.2556	-0.02491	-0.0088084	-0.000846202	0.000376646	0.0552978
17.4203	-0.0262383	-0.0073368	-0.000785169	0.000364659	0.0517559
17.5455	-0.0270904	-0.00628573	-0.000740028	0.000356645	0.0491427
17.6271	-0.0275766	-0.00563106	-0.000711117	0.000351792	0.0474611
17.6623	-0.0277698	-0.00535632	-0.00069878	0.00034979	0.0467506
17.6623	-0.0277698	-0.00535632	-0.00069878	0.00034979	0.0467506
17.6975	-0.0279534	-0.00508655	-0.000686519	0.000347267	0.045848
17.7791	-0.0283437	-0.00447965	-0.000658484	0.000339481	0.0440503
17.9043	-0.0288485	-0.00359538	-0.000616752	0.000327332	0.0415293
18.069	-0.0293504	-0.00251382	-0.000564105	0.000311917	0.0383101
18.268	-0.0297304	-0.0013264	-0.000503868	0.000293761	0.0346249
18.4948	-0.0298917	-0.000122275	-0.000439493	0.000274008	0.0306536
18.7421	-0.0297771	0.00102003	-0.000374369	0.000252575	0.0265846
19.0021	-0.0293753	0.00204271	-0.000311579	0.00023071	0.0226486
19.2663	-0.0287173	0.00291088	-0.000253455	0.000209375	0.0189602
19.5262	-0.0278665	0.00361094	-0.000201698	0.00018898	0.0156468
19.7736	-0.0269044	0.00414841	-0.000157254	0.000170524	0.0127747
20.0004	-0.0259173	0.00454064	-0.000120457	0.000153984	0.0103531
20.1993	-0.0249858	0.00481219	-9.12552e-05	0.000139552	0.00839445
20.3641	-0.024178	0.0049892	-6.92844e-05	0.000127017	0.00684817
20.4892	-0.0235464	0.00509613	-5.40284e-05	0.000116589	0.00573675
20.5709	-0.0231281	0.00515385	-4.48e-05	0.000109496	0.00505359
20.606	-0.0229464	0.00517587	-4.10046e-05	0.000106312	0.00474691
20.606	-0.0229464	0.00517587	-4.10046e-05	0.000106312	0.00474691
20.6412	-0.022764	0.00519682	-3.73157e-05	0.000103654	0.00467167
20.7228	-0.0223379	0.00524197	-2.90297e-05	9.95795e-05	0.00421018
20.848	-0.021678	0.00529725	-1.69322e-05	9.35786e-05	0.00336079
21.0127	-0.0208012	0.00534478	-2.1935e-06	8.54433e-05	0.00235472
21.2117	-0.0197349	0.00536768	1.38657e-05	7.59864e-05	0.00122926
21.4385	-0.0185185	0.00535181	2.98734e-05	6.52649e-05	9.12803e-05
21.6858	-0.0172014	0.00529105	4.46882e-05	5.47606e-05	-0.000960213
21.9458	-0.0158389	0.00518567	5.76091e-05	4.47719e-05	-0.00191318
22.21	-0.0144871	0.00504229	6.82061e-05	3.56945e-05	-0.00270305
22.4699	-0.0131978	0.00487266	7.64734e-05	2.80751e-05	-0.00334242
22.7173	-0.0120148	0.00468997	8.26044e-05	2.16693e-05	-0.00383253
22.9441	-0.0109714	0.00450868	8.69675e-05	1.70328e-05	-0.0041753
23.1431	-0.0100909	0.00434141	9.00378e-05	1.39956e-05	-0.00441436
23.3078	-0.00938751	0.00419896	9.22139e-05	1.271e-05	-0.00453456
23.433	-0.00886869	0.00408949	9.38114e-05	1.2979e-05	-0.00460053
23.5146	-0.00853782	0.00401763	9.48947e-05	1.36357e-05	-0.00463549
23.5498	-0.00839707	0.00398668	9.53825e-05	1.41477e-05	-0.00461823
23.5498	-0.00839707	0.00398668	9.53825e-05	1.41477e-05	-0.00461823
23.5849	-0.00825741	0.00395519	9.58846e-05	1.42392e-05	-0.00482499
23.6665	-0.00793765	0.00387943	9.69869e-05	1.26016e-05	-0.00501631
23.7917	-0.00745938	0.00376095	9.83996e-05	1.01153e-05	-0.00512815
23.9565	-0.0068529	0.00360218	9.98453e-05	7.43645e-06	-0.00529052
24.1554	-0.00615563	0.00340644	0.00010101	4.38099e-06	-0.00543369
24.3822	-0.00540865	0.00318026	0.00010169	1.69715e-06	-0.00555137
24.6296	-0.0046528	0.00293096	0.000101764	-1.10465e-06	-0.00565291
24.8895	-0.00392508	0.00266801	0.000101122	-3.75573e-06	-0.00570123
25.1537	-0.00325543	0.00240158	9.9794e-05	-6.34163e-06	-0.00572361
25.4137	-0.002665	0.00214157	9.77897e-05	-9.07017e-06	-0.00569983
25.661	-0.00216551	0.00189787	9.52272e-05	-1.17115e-05	-0.00564725
25.8878	-0.00176006	0.00167822	9.22387e-05	-1.47624e-05	-0.00558067
26.0868	-0.00144501	0.00148939	8.8993e-05	-1.79601e-05	-0.00549481
26.2515	-0.00121235	0.00133589	8.57596e-05	-2.15225e-05	-0.00543841
26.3767	-0.00105233	0.00122087	8.2846e-05	-2.51307e-05	-0.00537725
26.4583	-0.000955703	0.00114679	8.06857e-05	-2.79068e-05	-0.00535864
26.4935	-0.000915933	0.00111483	7.96777e-05	-2.94927e-05	-0.00540879
26.4935	-0.000915933	0.00111483	7.96777e-05	-2.94927e-05	-0.00540879
26.5286	-0.000877281	0.00108342	7.86157e-05	-3.07284e-05	-0.00518885
26.6103	-0.000791715	0.00101365	7.60625e-05	-3.16538e-05	-0.0049777
26.7355	-0.000671311	0.000910592	7.20296e-05	-3.28319e-05	-0.00478776
26.9002	-0.000531997	0.000782468	6.65099e-05	-3.40203e-05	-0.00446618
27.0991	-0.000390712	0.000639923	5.96639e-05	-3.4812e-05	-0.00409443
27.3259	-0.000262533	0.000493371	5.16564e-05	-3.57142e-05	-0.00364155
27.5733	-0.000158119	0.000354612	4.27994e-05	-3.57588e-05	-0.00311421
27.8332	-8.2338e-05	0.000232459	3.35472e-05	-3.53668e-05	-0.00256302
28.0974	-3.45189e-05	0.000133998	2.43677e-05	-3.38107e-05	-0.00195991
28.3574	-9.45461e-06	6.30434e-05	1.59694e-05	-3.05538e-05	-0.0013753
28.6047	2.02809e-07	1.8885e-05	8.9758e-06	-2.55401e-05	-0.000810609
28.8315	1.82054e-06	-1.56358e-06	3.97259e-06	-1.81444e-05	-0.000318892
29.0305	8.83202e-07	-6.04036e-06	1.14826e-06	-1.00779e-05	1.843e-05
29.1952	9.391e-08	-2.78772e-06	7.76712e-08	-2.99061e-06	0.000183287
29.3204	-3.71261e-08	2.98963e-07	-4.29706e-08	4.3866e-07	6.99449e-05
29.402	-3.12843e-09	2.312e-07	-3.24896e-09	2.4294e-07	-5.7077e-05
29.4372	-2.30012e-17	2.2332e-16	1.23383e-17	-6.64684e-18	2.86624e-11
