0	-0.7	-2.66667	-3.1415	-3.1415	51.5623
0.0163186	-0.742419	-2.53308	-3.1927	-3.13078	49.4403
0.0541924	-0.832483	-2.22009	-3.31036	-3.0784	52.1623
0.112281	-0.947005	-1.72322	-3.48544	-2.93342	52.453
0.188712	-1.05429	-1.08901	-3.69761	-2.59207	50.3148
0.281029	-1.12153	-0.383761	-3.91082	-1.99839	44.0331
0.386264	-1.12572	0.27729	-4.07869	-1.18088	34.6189
0.501035	-1.06107	0.816262	-4.16303	-0.301717	23.8904
0.621653	-0.939965	1.14908	-4.14919	0.506719	10.7242
0.74424	-0.794031	1.15873	-4.04369	1.20535	-11.4886
0.864858	-0.682587	0.557113	-3.85396	1.97786	-51.876
0.979629	-0.693962	-0.945541	-3.56886	3.08666	-113.368
1.08486	-0.9195	-3.57165	-3.16092	4.78092	-193.415
1.17718	-1.39467	-6.7984	-2.64427	6.28	-225.205
1.25361	-2.01408	-9.28978	-2.15395	6.28	-169.612
1.3117	-2.59072	-10.4078	-1.81495	5.28535	-70.197
1.34957	-2.98968	-10.589	-1.63071	4.44085	-1.69552
1.36589	-3.16233	-10.5676	-1.56115	4.08617	6.64119
1.36589	-3.16233	-10.5676	-1.56115	4.08617	6.64119
1.38221	-3.3344	-10.5117	-1.49724	3.75067	28.2629
1.42009	-3.72746	-10.213	-1.36857	3.06789	60.1357
1.47817	-4.30115	-9.50615	-1.2144	2.29155	82.0
1.55461	-4.98619	-8.4049	-1.06559	1.66353	89.6413
1.64692	-5.69963	-7.06401	-0.932559	1.26432	85.0025
1.75216	-6.36875	-5.6849	-0.812982	1.03294	74.0396
1.86693	-6.94526	-4.39764	-0.703144	0.893243	62.562
1.98755	-7.40552	-3.27152	-0.601692	0.792221	51.3401
2.11013	-7.74742	-2.33814	-0.510282	0.700498	41.9811
2.23075	-7.98252	-1.58509	-0.430804	0.618156	34.4705
2.34552	-8.12974	-1.00007	-0.364331	0.540058	28.239
2.45076	-8.21088	-0.554503	-0.311106	0.472959	23.9291
2.54307	-8.24633	-0.222706	-0.269946	0.418855	20.3466
2.61951	-8.25414	0.0135572	-0.239618	0.375476	18.0138
2.67759	-8.24857	0.175786	-0.218659	0.346591	16.4508
2.71547	-8.24006	0.272199	-0.20589	0.327527	15.1927
2.73179	-8.23529	0.311985	-0.200611	0.319689	15.2108
2.73179	-8.23529	0.311985	-0.200611	0.319689	15.2108
2.7481	-8.22988	0.351172	-0.195453	0.312459	14.6403
2.78598	-8.21493	0.43727	-0.183943	0.295377	13.6874
2.84407	-8.18593	0.559268	-0.16751	0.270822	12.5039
2.9205	-8.13757	0.703084	-0.147949	0.24151	11.0454
3.01282	-8.06553	0.853977	-0.127146	0.209897	9.53382
3.11805	-7.96773	1.00041	-0.106724	0.179093	8.08775
3.23282	-7.84502	1.13368	-0.0878402	0.150818	6.74529
3.35344	-7.7011	1.24894	-0.0711798	0.126283	5.59225
3.47603	-7.54193	1.34461	-0.0569829	0.106015	4.60715
3.59664	-7.37498	1.42089	-0.045216	0.0896479	3.7978
3.71141	-7.20841	1.47985	-0.0356782	0.076985	3.15161
3.81665	-7.05028	1.52375	-0.0281024	0.0672392	2.62269
3.90897	-6.90812	1.55528	-0.0222419	0.0599302	2.23062
3.9854	-6.78839	1.5771	-0.0178642	0.0547226	1.92917
4.04349	-6.69635	1.5912	-0.0147922	0.0510929	1.71555
4.08136	-6.63593	1.59938	-0.0128987	0.0489303	1.59432
4.09768	-6.60981	1.60266	-0.0121075	0.0480308	1.52569
4.09768	-6.60981	1.60266	-0.0121075	0.0480308	1.52569
4.114	-6.58363	1.60577	-0.0113311	0.047139	1.47953
4.15187	-6.52268	1.6125	-0.00958315	0.0451853	1.36297
4.20996	-6.42875	1.62141	-0.00704065	0.0423901	1.18659
4.28639	-6.30445	1.6307	-0.00393106	0.0390405	0.972767
4.37871	-6.15352	1.63852	-0.00049635	0.0354454	0.735277
4.48394	-5.9808	1.64329	0.00303992	0.0318428	0.489506
4.59871	-5.79212	1.64395	0.00649377	0.0284248	0.248574
4.71933	-5.59402	1.64008	0.00972933	0.0252948	0.0202972
4.84192	-5.39343	1.63185	0.0126555	0.0225068	-0.187366
4.96254	-5.19728	1.61997	0.0152215	0.0200888	-0.371345
5.07731	-5.01215	1.60554	0.0174068	0.0180278	-0.530032
5.18254	-4.844	1.58988	0.0192124	0.0163134	-0.662391
5.27486	-4.69793	1.57441	0.0206536	0.0149259	-0.769651
5.35129	-4.57812	1.56046	0.0217529	0.0138507	-0.851734
5.40938	-4.4878	1.54923	0.0225349	0.013077	-0.911035
5.44725	-4.42926	1.54162	0.0230208	0.0125858	-0.949046
5.46357	-4.40414	1.53827	0.0232245	0.0123768	-0.964685
5.46357	-4.40414	1.53827	0.0232245	0.0123768	-0.964685
5.47989	-4.37906	1.53488	0.0234248	0.0121705	-0.979949
5.51776	-4.32108	1.52687	0.0238768	0.0117015	-1.01475
5.57585	-4.23275	1.5142	0.0245362	0.0110062	-1.06597
5.65228	-4.11768	1.49686	0.0253438	0.0101339	-1.12928
5.7446	-3.98049	1.47497	0.026233	0.00914037	-1.20018
5.84984	-3.82664	1.44886	0.0271384	0.00807876	-1.27401
5.96461	-3.66205	1.41913	0.0280028	0.00699852	-1.34645
6.08522	-3.49282	1.38663	0.0287825	0.00594202	-1.41416
6.20781	-3.32492	1.35247	0.0294489	0.00494232	-1.4747
6.32843	-3.16387	1.31789	0.0299891	0.00402499	-1.52666
6.4432	-3.01454	1.28423	0.0304037	0.00320777	-1.56955
6.54844	-2.88104	1.25283	0.0307038	0.00250329	-1.60347
6.64075	-2.76667	1.22492	0.0309077	0.00191901	-1.6293
6.71718	-2.67394	1.20161	0.0310366	0.00145673	-1.6481
6.77527	-2.60465	1.18378	0.0311113	0.00111805	-1.66075
6.81315	-2.56004	1.17212	0.0311496	0.000902898	-1.66847
6.82947	-2.54095	1.16708	0.0311635	0.000810891	-1.67189
6.82947	-2.54095	1.16708	0.0311635	0.000810891	-1.67189
6.84578	-2.52195	1.16204	0.031176	0.000719256	-1.67488
6.88366	-2.47816	1.15031	0.0311993	0.0005098	-1.68145
6.94175	-2.41186	1.13229	0.0312198	0.000197722	-1.69036
7.01818	-2.32623	1.1085	0.0312198	-0.000194941	-1.70015
7.11049	-2.22522	1.07971	0.0311808	-0.000643461	-1.70937
7.21573	-2.11333	1.04686	0.0310876	-0.00112301	-1.71651
7.3305	-1.99524	1.01105	0.0309304	-0.00161003	-1.72049
7.45112	-1.87555	0.973527	0.0307072	-0.00208465	-1.72067
7.57371	-1.75854	0.935573	0.030424	-0.00253089	-1.71694
7.69432	-1.64793	0.898483	0.0300939	-0.00293793	-1.70975
7.80909	-1.54682	0.863485	0.0297357	-0.00329831	-1.69982
7.91433	-1.45763	0.831693	0.0293722	-0.00360718	-1.68828
8.00665	-1.38213	0.80407	0.0290273	-0.00386292	-1.67635
8.08308	-1.32154	0.781405	0.0287243	-0.00406434	-1.66522
8.14117	-1.27664	0.764313	0.0284839	-0.00421148	-1.65604
8.17904	-1.24791	0.753235	0.0283227	-0.00430384	-1.64936
8.19536	-1.23565	0.74848	0.0282521	-0.00434174	-1.64604
8.19536	-1.23565	0.74848	0.0282521	-0.00434174	-1.64604
8.21168	-1.22348	0.743735	0.028181	-0.00437796	-1.64279
8.24955	-1.19552	0.732766	0.0280136	-0.00445841	-1.63561
8.30764	-1.15344	0.716054	0.0277512	-0.00457667	-1.62453
8.38407	-1.09954	0.694276	0.0273957	-0.00472432	-1.60914
8.47639	-1.03665	0.668304	0.0269518	-0.00489088	-1.5895
8.58162	-0.967859	0.639162	0.0264277	-0.00506722	-1.56579
8.69639	-0.896298	0.607968	0.0258358	-0.00524328	-1.53829
8.81701	-0.824909	0.575875	0.0251931	-0.00541029	-1.50776
8.9396	-0.756275	0.544014	0.0245204	-0.00556247	-1.47514
9.06022	-0.692509	0.513433	0.0238413	-0.00569544	-1.4416
9.17499	-0.635217	0.485065	0.0231811	-0.0058075	-1.4085
9.28022	-0.585512	0.459696	0.022565	-0.00589792	-1.37713
9.37254	-0.544081	0.437957	0.0220173	-0.00596745	-1.34896
9.44897	-0.511283	0.420329	0.0215592	-0.0060191	-1.32524
9.50706	-0.48725	0.407159	0.0212085	-0.00605474	-1.30692
9.54493	-0.471991	0.398679	0.0209788	-0.00607665	-1.29507
9.56125	-0.465514	0.39505	0.0208795	-0.00608639	-1.29016
9.56125	-0.465514	0.39505	0.0208795	-0.00608639	-1.29016
9.57757	-0.459097	0.391436	0.0207801	-0.00609704	-1.28543
9.61544	-0.44443	0.383105	0.0205487	-0.00612335	-1.27361
9.67353	-0.422543	0.370493	0.0201919	-0.00616163	-1.25479
9.74996	-0.394851	0.354206	0.0197192	-0.00620603	-1.22968
9.84228	-0.363042	0.335006	0.0191441	-0.00625097	-1.19889
9.94752	-0.328912	0.313753	0.018484	-0.00629231	-1.1634
10.0623	-0.294195	0.29135	0.0177597	-0.00632819	-1.12418
10.1829	-0.260429	0.268686	0.0169947	-0.00635583	-1.08242
10.3055	-0.228856	0.246581	0.0162142	-0.00637558	-1.03964
10.4261	-0.20038	0.225748	0.0154444	-0.00638915	-0.997195
10.5409	-0.175567	0.206772	0.0147106	-0.00639734	-0.956529
10.6461	-0.154691	0.190101	0.0140371	-0.0064013	-0.918997
10.7384	-0.137794	0.17605	0.0134461	-0.00640207	-0.885961
10.8149	-0.12477	0.164822	0.0129568	-0.00640227	-0.858627
10.873	-0.115437	0.156535	0.0125849	-0.00640183	-0.837624
10.9108	-0.109609	0.151246	0.0123424	-0.00640071	-0.824012
10.9271	-0.107159	0.148995	0.012238	-0.00640068	-0.818441
10.9271	-0.107159	0.148995	0.012238	-0.00640068	-0.818441
10.9435	-0.104746	0.14676	0.0121335	-0.00640043	-0.812099
10.9813	-0.0992851	0.141642	0.0118912	-0.00639686	-0.797987
11.0394	-0.0912812	0.133969	0.0115198	-0.00638923	-0.776812
11.1159	-0.0814174	0.124201	0.0110319	-0.00637673	-0.748732
11.2082	-0.0704775	0.112898	0.0104442	-0.00635574	-0.714719
11.3134	-0.059246	0.100674	0.00977683	-0.00632665	-0.676052
11.4282	-0.0484187	0.0881419	0.00905283	-0.00628817	-0.633657
11.5488	-0.0385365	0.0758708	0.00829732	-0.00623748	-0.589061
11.6714	-0.0299521	0.0643396	0.00753636	-0.00617559	-0.543738
11.792	-0.0228294	0.0539171	0.00679581	-0.00610118	-0.49903
11.9068	-0.0171697	0.0448467	0.00610032	-0.00601611	-0.456596
12.012	-0.0128559	0.0372532	0.00547196	-0.00592293	-0.417513
12.1043	-0.009702	0.0311618	0.00492958	-0.00582487	-0.383291
12.1808	-0.00750004	0.0265177	0.00448783	-0.00573285	-0.355108
12.2388	-0.00605614	0.0232317	0.00415708	-0.00565267	-0.333124
12.2767	-0.00521495	0.0212035	0.0039441	-0.00559415	-0.319327
12.293	-0.00487588	0.020355	0.00385301	-0.00556968	-0.314344
12.293	-0.00487588	0.020355	0.00385301	-0.00556968	-0.314344
12.3094	-0.0045505	0.0195281	0.00376235	-0.0055393	-0.30424
12.3472	-0.00384613	0.0176808	0.00355411	-0.00545829	-0.291355
12.4053	-0.00289781	0.0150048	0.00324039	-0.00534113	-0.269842
12.4817	-0.00187503	0.0118225	0.00283928	-0.0051479	-0.239726
12.5741	-0.000943069	0.00844962	0.00237577	-0.0048927	-0.207384
12.6793	-0.0002292	0.00523517	0.00187801	-0.00455132	-0.16691
12.7941	0.000208041	0.00251308	0.00138188	-0.00408286	-0.125845
12.9147	0.000378913	0.000458389	0.000922384	-0.00351926	-0.0838441
13.0373	0.000351453	-0.000763166	0.0005333	-0.00280318	-0.0411929
13.1579	0.000225393	-0.00121886	0.000242799	-0.00200649	-0.00785072
13.2727	8.8575e-05	-0.0010742	5.86433e-05	-0.00118868	0.0211958
13.3779	6.03868e-07	-0.000562952	-2.55952e-05	-0.000428859	0.0334756
13.4702	-2.8434e-05	-7.7086e-05	-4.05752e-05	6.98227e-05	0.0296003
13.5466	-2.13592e-05	0.000236824	-2.45558e-05	0.000316906	0.0166475
13.6047	-5.87124e-06	0.000235757	-6.21911e-06	0.000256433	-0.0208396
13.6426	-2.8389e-07	4.79419e-05	-2.90374e-07	4.92655e-05	-0.0298267
13.6589	-8.92314e-17	8.12948e-16	4.49654e-17	-2.26158e-17	2.27044e-08
