0	0.233333	-2.66667	-2.09433	-2.09433	12.9533
0.0247723	0.167928	-2.61507	-2.14736	-2.18411	11.1237
0.082266	0.0207123	-2.50621	-2.27784	-2.34504	10.9407
0.170446	-0.192495	-2.32673	-2.49174	-2.48459	12.1667
0.286472	-0.448663	-2.0936	-2.78036	-2.44562	11.1085
0.426612	-0.724397	-1.8448	-3.10063	-2.07598	10.5582
0.586363	-0.997281	-1.57537	-3.38065	-1.4011	9.79592
0.760589	-1.25024	-1.34396	-3.55269	-0.576595	6.5711
0.943691	-1.4815	-1.19748	-3.58752	0.157826	3.33874
1.12978	-1.69847	-1.15468	-3.50885	0.642354	-0.721938
1.31289	-1.91475	-1.22234	-3.36786	0.853479	-3.80063
1.48711	-2.13806	-1.34858	-3.21865	0.826893	-5.43387
1.64686	-2.36327	-1.45779	-3.0997	0.631864	-2.41959
1.787	-2.56692	-1.42072	-3.03286	0.300076	4.6641
1.90303	-2.72461	-1.28352	-3.01662	-0.0200209	9.46477
1.99121	-2.82961	-1.06985	-3.03014	-0.301775	21.0165
2.0487	-2.88487	-0.853511	-3.05377	-0.511205	19.3481
2.07347	-2.90528	-0.806532	-3.06698	-0.541896	0.19633
2.07347	-2.90528	-0.806532	-3.06698	-0.541896	0.19633
2.09825	-2.92391	-0.664885	-3.0815	-0.661275	51.2104
2.15574	-2.95049	-0.318382	-3.12846	-0.902388	19.7497
2.24392	-2.96395	0.0955726	-3.21234	-1.06493	49.3321
2.35995	-2.88978	1.17181	-3.36794	-1.5454	48.771
2.50009	-2.66178	2.06631	-3.57612	-1.3672	44.7581
2.65984	-2.22287	3.44423	-3.78371	-1.18677	46.7489
2.83406	-1.56453	3.82411	-3.89945	0.0145324	-10.3994
3.01717	-0.902945	3.34673	-3.78622	1.14615	-27.8242
3.20326	-0.474948	0.459465	-3.37615	3.7444	-178.224
3.38636	-0.968977	-5.94878	-2.39702	6.28	-199.264
3.56059	-2.32798	-8.62715	-1.46312	3.83918	10.773
3.72034	-3.58804	-6.78277	-1.05553	1.69399	97.3354
3.86048	-4.39017	-4.76347	-0.850204	1.28211	73.9095
3.9765	-4.86661	-3.47176	-0.72068	0.989481	66.66
4.06468	-5.13022	-2.5206	-0.634378	0.975707	60.1864
4.12218	-5.26067	-2.04755	-0.580459	0.883801	42.736
4.14695	-5.30914	-1.85631	-0.559011	0.857642	57.5545
4.14695	-5.30914	-1.85631	-0.559011	0.857642	57.5545
4.17172	-5.35241	-1.64266	-0.537748	0.855179	48.9412
4.22922	-5.43465	-1.23064	-0.489887	0.805609	40.6888
4.3174	-5.51853	-0.683697	-0.422324	0.73074	35.7015
4.43342	-5.56153	-0.082206	-0.342395	0.645615	28.0397
4.57356	-5.53301	0.460402	-0.259941	0.531208	20.534
4.73331	-5.42146	0.911675	-0.184294	0.420547	14.8814
4.90754	-5.23131	1.24497	-0.120137	0.316946	9.4464
5.09064	-4.98225	1.45819	-0.070999	0.225063	5.93733
5.27673	-4.69749	1.58941	-0.035249	0.16254	3.39851
5.45984	-4.40034	1.64602	-0.010341	0.110964	1.34175
5.63406	-4.11185	1.66195	0.0059091	0.079102	0.514756
5.79381	-3.84672	1.65236	0.0168718	0.0575642	-0.602196
5.93395	-3.61695	1.62598	0.0236269	0.040623	-0.868103
6.04998	-3.42963	1.60171	0.0279463	0.0338524	-1.24679
6.13816	-3.28952	1.57528	0.0305735	0.0254959	-1.60649
6.19565	-3.19943	1.55934	0.0319538	0.0233802	-1.25691
6.22042	-3.16088	1.55207	0.0325257	0.0223654	-1.95514
6.22042	-3.16088	1.55207	0.0325257	0.0223654	-1.95514
6.2452	-3.12254	1.54347	0.0330513	0.0202736	-1.73053
6.30269	-3.03434	1.52493	0.0341361	0.017678	-1.69456
6.39087	-2.90117	1.49502	0.0355374	0.0140343	-1.8704
6.5069	-2.73012	1.45326	0.0369023	0.00974571	-1.95968
6.64704	-2.53008	1.40115	0.0380036	0.00610959	-2.0605
6.80679	-2.31116	1.33933	0.0386838	0.00252121	-2.14814
6.98101	-2.08377	1.27088	0.0388702	-0.000158047	-2.17348
7.16412	-1.85769	1.19855	0.0386469	-0.00225636	-2.20309
7.35021	-1.64149	1.12521	0.0380547	-0.00396912	-2.18506
7.53331	-1.44196	1.05436	0.0372323	-0.00496742	-2.1568
7.70754	-1.26406	0.988022	0.0362843	-0.00590672	-2.12601
7.86729	-1.11099	0.928742	0.0352936	-0.0064154	-2.06964
8.00743	-0.984397	0.878	0.0343721	-0.00677384	-2.03851
8.12345	-0.884926	0.836821	0.0335647	-0.00710354	-1.99149
8.21163	-0.812485	0.806288	0.0329352	-0.00717012	-1.95969
8.26913	-0.766696	0.786557	0.0325193	-0.00731703	-1.95214
8.2939	-0.747316	0.77814	0.0323374	-0.00736077	-1.92092
8.2939	-0.747316	0.77814	0.0323374	-0.00736077	-1.92092
8.31867	-0.728143	0.769804	0.032155	-0.00736687	-1.92081
8.37616	-0.684438	0.750559	0.0317294	-0.00744408	-1.90321
8.46435	-0.619539	0.721514	0.0310684	-0.00753698	-1.86686
8.58037	-0.537999	0.684189	0.0301892	-0.00761744	-1.82181
8.72051	-0.4452	0.640439	0.0291158	-0.00769329	-1.76498
8.88026	-0.346752	0.592413	0.0278841	-0.00771776	-1.69844
9.05449	-0.24794	0.542269	0.0265399	-0.00770833	-1.62598
9.23759	-0.153282	0.492103	0.0251327	-0.00765308	-1.54805
9.42368	-0.0662429	0.443779	0.0237175	-0.00755259	-1.46957
9.60678	0.0108582	0.398812	0.0223452	-0.00743129	-1.39247
9.78101	0.0767873	0.358392	0.0210631	-0.00728175	-1.3195
9.94076	0.131214	0.323313	0.0199117	-0.00713264	-1.25415
10.0809	0.174458	0.294078	0.0189219	-0.00698922	-1.19682
10.1969	0.207227	0.270949	0.0181185	-0.00685934	-1.15063
10.2851	0.230369	0.254003	0.0175179	-0.00676215	-1.11584
10.3426	0.244662	0.243251	0.0171311	-0.00669278	-1.0927
10.3674	0.250631	0.238689	0.0169657	-0.00666209	-1.08352
10.3674	0.250631	0.238689	0.0169657	-0.00666209	-1.08352
10.3921	0.256488	0.234169	0.016801	-0.00663215	-1.07374
10.4496	0.269653	0.223842	0.0164218	-0.00656067	-1.05148
10.5378	0.288709	0.208439	0.0158482	-0.00644929	-1.01788
10.6538	0.311755	0.188964	0.0151085	-0.00629984	-0.974316
10.794	0.336655	0.166616	0.0142386	-0.00611461	-0.922855
10.9537	0.361338	0.142666	0.0132789	-0.00589904	-0.865808
11.128	0.384048	0.11834	0.012272	-0.00565933	-0.805578
11.3111	0.403524	0.0947152	0.0112591	-0.00540394	-0.744664
11.4972	0.419067	0.0726564	0.0102777	-0.00514307	-0.685301
11.6803	0.430525	0.0527863	0.00935954	-0.0048862	-0.629433
11.8545	0.438192	0.0354892	0.00852943	-0.00464323	-0.578669
12.0142	0.442684	0.0209441	0.00780532	-0.00442258	-0.534146
12.1544	0.444784	0.00917429	0.00719899	-0.00423105	-0.496704
12.2704	0.445316	0.000100791	0.00671718	-0.00407454	-0.466842
12.3586	0.445036	-0.00640251	0.00636308	-0.0039567	-0.444801
12.4161	0.44455	-0.0104653	0.00613779	-0.00388068	-0.430848
12.4408	0.44427	-0.0121739	0.00604206	-0.00384858	-0.425018
12.4408	0.44427	-0.0121739	0.00604206	-0.00384858	-0.425018
12.4656	0.443947	-0.0138576	0.00594711	-0.00381685	-0.419084
12.5231	0.44304	-0.0176689	0.00572978	-0.00374341	-0.405502
12.6113	0.441233	-0.0232582	0.00540462	-0.00363154	-0.385137
12.7273	0.43813	-0.0301528	0.00499174	-0.00348591	-0.359189
12.8675	0.433359	-0.0378106	0.00451539	-0.00331286	-0.329145
13.0272	0.426678	-0.0456887	0.00400161	-0.00312029	-0.296606
13.2014	0.41804	-0.0533043	0.00347581	-0.00291669	-0.263141
13.3845	0.407626	-0.0602789	0.00296076	-0.0027106	-0.23019
13.5706	0.395828	-0.0663601	0.00247514	-0.00250998	-0.198949
13.7537	0.3832	-0.0714229	0.00203295	-0.0023215	-0.170338
13.928	0.370394	-0.0754538	0.00164349	-0.00215068	-0.145003
14.0877	0.358088	-0.0785235	0.00131193	-0.0020014	-0.123312
14.2279	0.346922	-0.0807561	0.00104029	-0.00187619	-0.105454
14.3439	0.33746	-0.0822987	0.000828415	-0.00177672	-0.0914698
14.4321	0.330158	-0.0832952	0.000674983	-0.00170358	-0.0812981
14.4896	0.325352	-0.0838665	0.00057838	-0.0016571	-0.0749117
14.5143	0.323272	-0.0840942	0.000537572	-0.00163753	-0.0722484
14.5143	0.323272	-0.0840942	0.000537572	-0.00163753	-0.0722484
14.5391	0.321186	-0.084311	0.000497247	-0.00161821	-0.0695575
14.5966	0.316325	-0.0847725	0.000405487	-0.00157392	-0.0634356
14.6848	0.308823	-0.0853696	0.000269642	-0.00150742	-0.0543311
14.8008	0.298881	-0.0859595	9.97019e-05	-0.00142241	-0.0428896
14.9409	0.286801	-0.0863915	-9.26728e-05	-0.00132381	-0.0298762
15.1007	0.272984	-0.0865347	-0.00029554	-0.00121699	-0.0160617
15.2749	0.257922	-0.0863001	-0.000497931	-0.00110761	-0.00219674
15.458	0.242173	-0.0856529	-0.000690842	-0.00100091	0.011126
15.6441	0.226325	-0.0846136	-0.000867658	-0.000900781	0.0234434
15.8272	0.210952	-0.0832529	-0.00102421	-0.000810616	0.0344309
16.0014	0.196581	-0.0816773	-0.00115851	-0.000732117	0.0439593
16.1612	0.183663	-0.0800148	-0.00127011	-0.000666073	0.051932
16.3013	0.172561	-0.0784006	-0.00135968	-0.000612932	0.0583922
16.4174	0.163547	-0.0769622	-0.00142838	-0.000571639	0.0634084
16.5055	0.156811	-0.0758116	-0.00147747	-0.000542243	0.0669568
16.563	0.152474	-0.0750362	-0.00150812	-0.000523896	0.069303
16.5878	0.15062	-0.0746955	-0.001521	-0.000515538	0.0704599
16.5878	0.15062	-0.0746955	-0.001521	-0.000515538	0.0704599
16.6126	0.148774	-0.0743518	-0.00153367	-0.000507968	0.0709552
16.6701	0.144522	-0.0735425	-0.00156243	-0.000492029	0.0732292
16.7582	0.138093	-0.0722633	-0.00160464	-0.000465715	0.0764253
16.8743	0.129809	-0.0705225	-0.00165691	-0.00043613	0.0801681
17.0144	0.120078	-0.0683322	-0.00171562	-0.00040129	0.0848253
17.1742	0.109369	-0.0657283	-0.00177666	-0.000364444	0.0893448
17.3484	0.0981729	-0.0627752	-0.00183725	-0.000331258	0.0941161
17.5315	0.0869723	-0.0595474	-0.0018946	-0.000295477	0.0987543
17.7176	0.0762048	-0.0561583	-0.00194679	-0.000266801	0.102822
17.9007	0.0662352	-0.052721	-0.00199312	-0.000238137	0.106997
18.0749	0.0573413	-0.0493635	-0.0020321	-0.000210745	0.110225
18.2347	0.0497054	-0.0462233	-0.00206415	-0.000189587	0.113351
18.3748	0.043424	-0.0434119	-0.00208888	-0.000162483	0.116034
18.4908	0.0385235	-0.041058	-0.00210665	-0.000145222	0.117509
18.579	0.0349827	-0.0392462	-0.00211875	-0.000125988	0.120158
18.6365	0.0327606	-0.0380527	-0.00212545	-0.0001097	0.119307
18.6613	0.0318242	-0.0375508	-0.00212821	-0.000116599	0.114955
18.6613	0.0318242	-0.0375508	-0.00212821	-0.000116599	0.114955
18.686	0.0309003	-0.0370308	-0.00213106	-0.000105729	0.12626
18.7435	0.0288071	-0.0357936	-0.00213548	-5.80197e-05	0.12227
18.8317	0.0257313	-0.0339678	-0.00214092	-6.51137e-05	0.122622
18.9477	0.0219349	-0.0314506	-0.00214421	2.47922e-05	0.129664
19.0879	0.0177415	-0.028415	-0.0021343	9.4849e-05	0.125879
19.2476	0.0134772	-0.0249389	-0.00211412	0.000189301	0.133438
19.4219	0.0094767	-0.0209842	-0.00205994	0.000428663	0.1345
19.605	0.00600751	-0.0169127	-0.00196435	0.000625012	0.134875
19.7911	0.00325705	-0.0126107	-0.00181196	0.00105872	0.142168
19.9742	0.00133464	-0.0084404	-0.00157302	0.00153035	0.133239
20.1484	0.000193588	-0.00465829	-0.00126597	0.00204152	0.132998
20.3081	-0.000280775	-0.00137918	-0.000891656	0.00260141	0.110644
20.4483	-0.000320649	0.000645093	-0.000518844	0.00263701	0.0686212
20.5643	-0.000182966	0.0015971	-0.00022519	0.00236255	0.02439
20.6525	-4.59614e-05	0.00124767	-4.99402e-05	0.00141073	-0.0826664
20.71	-2.15372e-06	0.000240491	-2.21693e-06	0.000249313	-0.099429
20.7347	3.95386e-18	-2.89895e-17	-1.35838e-18	8.47919e-19	4.87857e-08
