0	0.466667	2.03711e-15	-3.1415	-4.62228e-18	-13.5592
0.0126416	0.466489	-0.0281358	-3.14132	0.0279233	-13.4478
0.0419815	0.46475	-0.0889517	-3.13964	0.0844515	-11.7709
0.0869811	0.458947	-0.165802	-3.13436	0.145557	-9.18792
0.146191	0.446869	-0.235542	-3.12442	0.181497	-5.12508
0.217706	0.428732	-0.259958	-3.11194	0.154976	0.839585
0.299229	0.409374	-0.198144	-3.10339	0.040898	8.4295
0.388139	0.399285	-0.00554624	-3.10859	-0.171957	18.0545
0.481579	0.41414	0.349623	-3.13808	-0.468305	28.4318
0.576544	0.47078	0.869507	-3.1984	-0.804136	38.7321
0.669984	0.581564	1.52188	-3.28861	-1.11856	46.8511
0.758894	0.747808	2.22605	-3.39859	-1.33625	50.5552
0.840417	0.956261	2.88433	-3.51146	-1.4084	49.1845
0.911933	1.18198	3.41652	-3.61045	-1.33732	43.4974
0.971142	1.39572	3.79126	-3.68532	-1.17678	36.1016
1.01614	1.57169	4.02032	-3.7344	-0.996138	28.5961
1.04548	1.69144	4.13912	-3.76158	-0.853967	24.0182
1.05812	1.74406	4.18506	-3.77196	-0.789609	23.4058
1.05812	1.74406	4.18506	-3.77196	-0.789609	23.4058
1.07076	1.7972	4.21967	-3.7815	-0.717174	15.6076
1.1001	1.92204	4.29171	-3.80003	-0.547939	16.1211
1.1451	2.11681	4.34261	-3.81852	-0.261443	-0.75502
1.20431	2.37212	4.2693	-3.82108	0.172909	-9.4391
1.27583	2.67076	4.033	-3.79012	0.712395	-34.4681
1.35735	2.97266	3.29148	-3.69958	1.54216	-71.3351
1.44626	3.21188	1.99135	-3.51687	2.60732	-113.728
1.5397	3.29544	-0.445181	-3.19907	4.3388	-206.794
1.63467	3.08622	-4.03865	-2.68789	6.28	-239.357
1.72811	2.55382	-7.15513	-2.08113	6.28	-163.33
1.81702	1.8431	-8.50001	-1.59574	4.50566	-25.3699
1.89854	1.15943	-8.0593	-1.2954	2.97372	70.8444
1.97006	0.615108	-7.16535	-1.11467	2.13936	72.7092
2.02927	0.212266	-6.4199	-1.00247	1.69168	86.0521
2.07426	-0.0616478	-5.75377	-0.93076	1.50895	85.3793
2.1036	-0.224949	-5.39343	-0.888226	1.38586	68.5025
2.11625	-0.292177	-5.2349	-0.871008	1.34389	91.0399
2.11625	-0.292177	-5.2349	-0.871008	1.34389	91.0399
2.12889	-0.357215	-5.05831	-0.85417	1.3183	80.4486
2.15823	-0.500214	-4.69533	-0.816567	1.24496	72.7165
2.20323	-0.699554	-4.16707	-0.762692	1.15559	70.2885
2.26244	-0.926693	-3.5172	-0.696827	1.07211	63.1605
2.33395	-1.15297	-2.8261	-0.623321	0.98642	55.4442
2.41548	-1.35449	-2.13368	-0.546103	0.910932	48.2589
2.50439	-1.5149	-1.49545	-0.468543	0.832627	39.8445
2.59783	-1.62797	-0.941346	-0.394659	0.750247	33.2684
2.69279	-1.69446	-0.475557	-0.3271	0.672177	26.9697
2.78623	-1.7212	-0.110572	-0.268091	0.590806	21.5907
2.87514	-1.71804	0.17268	-0.218763	0.52041	17.8298
2.95666	-1.6951	0.381627	-0.178863	0.457941	14.0782
3.02818	-1.66236	0.529834	-0.148042	0.405462	11.9877
3.08739	-1.62779	0.634794	-0.12516	0.367531	10.0098
3.13239	-1.59771	0.700572	-0.109297	0.33761	8.65497
3.16173	-1.57656	0.740561	-0.099646	0.320829	8.42212
3.17437	-1.5671	0.756548	-0.0956342	0.313611	7.31634
3.17437	-1.5671	0.756548	-0.0956342	0.313611	7.31634
3.18701	-1.55744	0.771199	-0.0917198	0.305819	7.33801
3.21635	-1.53432	0.80411	-0.0829901	0.289475	6.82359
3.26135	-1.49711	0.848562	-0.0705041	0.265611	5.79521
3.32056	-1.44539	0.896751	-0.0556603	0.236288	4.70738
3.39208	-1.37956	0.941946	-0.0399143	0.204671	3.53607
3.4736	-1.30121	0.977799	-0.0245643	0.172593	2.37688
3.56251	-1.21311	1.00137	-0.0105945	0.142504	1.37269
3.65595	-1.11895	1.01179	0.00143632	0.115719	0.473664
3.75091	-1.02287	1.0099	0.0112994	0.0927053	-0.243504
3.84435	-0.92897	0.998577	0.01906	0.0739827	-0.807907
3.93326	-0.840942	0.98052	0.0249506	0.058925	-1.25726
4.01479	-0.761853	0.959108	0.0292664	0.0473093	-1.56307
4.0863	-0.694026	0.937264	0.0323324	0.038615	-1.80659
4.14551	-0.639116	0.917268	0.0344254	0.0322195	-1.96247
4.19051	-0.598198	0.901223	0.0357771	0.0279243	-2.06533
4.21985	-0.571915	0.890324	0.0365572	0.0252686	-2.14173
4.23249	-0.56069	0.885553	0.0368697	0.0241828	-2.13851
4.23249	-0.56069	0.885553	0.0368697	0.0241828	-2.13851
4.24513	-0.549525	0.88076	0.0371689	0.0231484	-2.17385
4.27447	-0.52385	0.869418	0.0378134	0.020806	-2.23072
4.31947	-0.485125	0.851605	0.0386736	0.0174838	-2.29763
4.37868	-0.435412	0.827514	0.0395907	0.0135729	-2.37572
4.4502	-0.377297	0.797592	0.0404098	0.00943439	-2.44996
4.53172	-0.313693	0.762692	0.0410104	0.00541584	-2.50956
4.62063	-0.247597	0.72402	0.0413243	0.00176205	-2.55079
4.71407	-0.181859	0.68303	0.0413364	-0.00140033	-2.57293
4.80904	-0.118976	0.641308	0.0410739	-0.00403977	-2.57628
4.90248	-0.0609629	0.600481	0.0405944	-0.00614674	-2.56144
4.99139	-0.00928652	0.562037	0.0399732	-0.00777553	-2.53811
5.07291	0.0351103	0.527226	0.0392866	-0.00903462	-2.50941
5.14443	0.0717363	0.497132	0.0386063	-0.00996078	-2.47544
5.20363	0.100443	0.47258	0.0379969	-0.0106135	-2.44625
5.24863	0.121293	0.454142	0.037509	-0.0110624	-2.42214
5.27797	0.134443	0.442239	0.0371805	-0.0113255	-2.40331
5.29062	0.140001	0.437142	0.0370366	-0.011431	-2.39604
5.29062	0.140001	0.437142	0.0370366	-0.011431	-2.39604
5.30326	0.145495	0.432063	0.0368915	-0.011532	-2.38677
5.3326	0.158	0.420352	0.0365499	-0.0117464	-2.36734
5.3776	0.176515	0.402587	0.0360146	-0.0120413	-2.33882
5.43681	0.199668	0.379573	0.0352913	-0.0123806	-2.2999
5.50832	0.225836	0.352346	0.0343933	-0.0127214	-2.25069
5.58985	0.253322	0.322093	0.0333431	-0.0130321	-2.19299
5.67876	0.280528	0.290072	0.0321721	-0.013297	-2.12817
5.77219	0.306103	0.257543	0.0309195	-0.0135012	-2.05753
5.86716	0.329039	0.225691	0.0296303	-0.0136402	-1.98448
5.9606	0.34871	0.195547	0.0283513	-0.0137294	-1.91194
6.04951	0.364862	0.167978	0.0271283	-0.0137748	-1.84146
6.13103	0.377559	0.143664	0.0260048	-0.0137841	-1.77671
6.20255	0.387093	0.123088	0.0250191	-0.0137779	-1.72013
6.26176	0.39389	0.10659	0.0242038	-0.0137612	-1.67239
6.30676	0.398411	0.0943782	0.023585	-0.0137398	-1.63638
6.3361	0.401065	0.0865665	0.0231821	-0.0137241	-1.61284
6.34874	0.402139	0.0832383	0.0230086	-0.0137157	-1.60188
6.34874	0.402139	0.0832383	0.0230086	-0.0137157	-1.60188
6.36138	0.40317	0.0799328	0.0228353	-0.0137065	-1.59217
6.39072	0.405403	0.0723447	0.0224335	-0.0136856	-1.56886
6.43572	0.408401	0.0609372	0.0218184	-0.0136505	-1.53285
6.49493	0.411575	0.0463514	0.0210116	-0.0136	-1.48569
6.56645	0.414279	0.0293745	0.0200414	-0.0135333	-1.4287
6.64797	0.415913	0.0108734	0.0189415	-0.0134499	-1.36399
6.73688	0.416021	-0.00827798	0.0177499	-0.0133535	-1.29378
6.83032	0.414351	-0.0272587	0.0165071	-0.0132469	-1.22027
6.92528	0.410894	-0.0453553	0.0152544	-0.0131346	-1.14605
7.01872	0.405869	-0.0619966	0.0140324	-0.0130216	-1.0734
7.10763	0.399693	-0.0767669	0.0128795	-0.0129119	-1.00465
7.18916	0.392914	-0.0894057	0.011831	-0.01281	-0.941956
7.26067	0.386145	-0.0997858	0.0109181	-0.0127194	-0.887223
7.31988	0.379995	-0.107883	0.0101672	-0.0126443	-0.842175
7.36488	0.375007	-0.113739	0.00959954	-0.0125869	-0.807973
7.39422	0.371616	-0.117418	0.00923079	-0.0125495	-0.78594
7.40686	0.370122	-0.11897	0.00907224	-0.012534	-0.776793
7.40686	0.370122	-0.11897	0.00907224	-0.012534	-0.776793
7.4195	0.368608	-0.120502	0.00891389	-0.0125185	-0.766829
7.44884	0.365021	-0.123978	0.00854715	-0.0124809	-0.744561
7.49384	0.359326	-0.1291	0.00798681	-0.0124233	-0.710772
7.55305	0.351492	-0.135453	0.00725349	-0.0123469	-0.666254
7.62457	0.341548	-0.142541	0.00637385	-0.0122527	-0.61274
7.70609	0.329624	-0.149848	0.00537943	-0.0121427	-0.55195
7.795	0.315981	-0.156882	0.00430531	-0.0120184	-0.486009
7.88844	0.301017	-0.163233	0.00318861	-0.0118827	-0.417055
7.98341	0.285252	-0.168601	0.00206703	-0.0117365	-0.347224
8.07685	0.269292	-0.172823	0.000977489	-0.0115826	-0.2789
8.16576	0.253784	-0.17587	-4.53794e-05	-0.0114241	-0.214012
8.24728	0.239361	-0.177836	-0.000970305	-0.0112647	-0.154725
8.31879	0.226601	-0.178913	-0.00177053	-0.0111122	-0.102844
8.378	0.215993	-0.179348	-0.00242445	-0.010974	-0.059833
8.423	0.20792	-0.179404	-0.00291577	-0.0108615	-0.0274887
8.45234	0.202658	-0.179312	-0.00323332	-0.0107844	-0.00585891
8.46499	0.200391	-0.17924	-0.00336943	-0.0107485	0.00429394
8.46499	0.200391	-0.17924	-0.00336943	-0.0107485	0.00429394
8.47763	0.198126	-0.179151	-0.00350508	-0.0107136	0.0113634
8.50697	0.192873	-0.178871	-0.00381822	-0.010629	0.0347359
8.55197	0.184838	-0.178232	-0.00429316	-0.0104782	0.0675014
8.61118	0.174318	-0.177044	-0.00490765	-0.0102767	0.109271
8.68269	0.161724	-0.175054	-0.00563283	-0.00999445	0.162872
8.76421	0.14757	-0.172056	-0.00643279	-0.00962601	0.220425
8.85312	0.13245	-0.167921	-0.00726903	-0.00916987	0.285535
8.94656	0.117001	-0.162567	-0.00809912	-0.00857996	0.353547
9.04153	0.101862	-0.156114	-0.00888176	-0.00788535	0.420677
9.13497	0.0876105	-0.148745	-0.00958113	-0.00705317	0.490214
9.22388	0.0747323	-0.140802	-0.0101671	-0.00610751	0.551818
9.3054	0.0635765	-0.132756	-0.0106255	-0.00510811	0.610952
9.37692	0.0543542	-0.125055	-0.0109543	-0.00406359	0.662286
9.43613	0.0471486	-0.118283	-0.0111673	-0.00312008	0.698966
9.48113	0.0419466	-0.112869	-0.01129	-0.00231449	0.738489
9.51047	0.0386887	-0.109212	-0.0113495	-0.00174422	0.742672
9.52311	0.0373179	-0.107669	-0.0113702	-0.00154961	0.712672
9.52311	0.0373179	-0.107669	-0.0113702	-0.00154961	0.712672
9.53575	0.0359668	-0.106043	-0.0113883	-0.00128138	0.805462
9.56509	0.0329135	-0.102123	-0.0114148	-0.000560862	0.780582
9.61009	0.0284485	-0.09629	-0.0114218	0.000263143	0.803269
9.6693	0.0229908	-0.0879436	-0.0113617	0.00184677	0.87588
9.74081	0.0170706	-0.0776552	-0.0111607	0.00370392	0.866172
9.82234	0.0112266	-0.0655327	-0.0107708	0.00601018	0.945137
9.91125	0.00602496	-0.0514655	-0.0100959	0.00915195	0.954948
10.0047	0.00189219	-0.0370205	-0.00910306	0.0120997	0.948495
10.0997	-0.000913115	-0.0220213	-0.00778937	0.0156546	0.960212
10.1931	-0.00231731	-0.00844219	-0.00618273	0.0184498	0.809594
10.282	-0.00257381	0.00241312	-0.0044708	0.0199862	0.697518
10.3635	-0.00203878	0.0100481	-0.00281485	0.0201807	0.399114
10.435	-0.00121544	0.0121887	-0.00146255	0.0171032	0.00283132
10.4943	-0.00051846	0.010884	-0.000571171	0.0127363	-0.309473
10.5393	-0.000112806	0.00628635	-0.00011804	0.00669339	-0.990343
10.5686	-4.9622e-06	0.00109474	-5.06133e-06	0.00112051	-0.904752
10.5812	7.25572e-17	-4.58068e-16	-2.55282e-17	1.25292e-17	8.28131e-07
