0	0.466667	-1.33333	-2.09433	-3.1415	7.44163
0.024369	0.434551	-1.30325	-2.17101	-3.14985	6.20061
0.0809267	0.362598	-1.24148	-2.34883	-3.12948	6.09127
0.167672	0.259263	-1.13906	-2.6155	-2.99818	7.17276
0.281808	0.137066	-1.00544	-2.9387	-2.62745	6.59574
0.419667	0.0078493	-0.873516	-3.25534	-1.93447	5.69009
0.576818	-0.119052	-0.745602	-3.48904	-1.04077	4.68252
0.748207	-0.238147	-0.656134	-3.58995	-0.168018	2.04099
0.928329	-0.354001	-0.645288	-3.5563	0.491239	-1.1761
1.11139	-0.479056	-0.740861	-3.42822	0.860074	-5.23799
1.29151	-0.628515	-0.927968	-3.26147	0.945815	-7.32075
1.4629	-0.804861	-1.13123	-3.10923	0.800759	-7.69946
1.62005	-0.99613	-1.28712	-3.00312	0.525815	-3.95035
1.75791	-1.17479	-1.27297	-2.95508	0.152471	4.27283
1.87205	-1.31337	-1.14125	-2.95714	-0.184679	9.28919
1.95879	-1.40465	-0.935543	-2.9846	-0.461208	20.8064
2.01535	-1.45151	-0.721628	-3.0167	-0.6657	19.8428
2.03972	-1.46836	-0.673813	-3.03345	-0.69543	0.392406
2.03972	-1.46836	-0.673813	-3.03345	-0.69543	0.392406
2.06409	-1.48349	-0.53574	-3.05141	-0.808732	50.7291
2.12065	-1.5026	-0.196385	-3.10551	-1.0367	19.9965
2.20739	-1.50536	0.212511	-3.19912	-1.18338	49.124
2.32153	-1.42064	1.25922	-3.3634	-1.6234	47.9344
2.45939	-1.187	2.11117	-3.57606	-1.4027	42.972
2.61654	-0.754429	3.40591	-3.78153	-1.17055	44.1296
2.78793	-0.120412	3.70807	-3.89091	0.045575	-13.1755
2.96805	0.501666	3.13923	-3.77181	1.20435	-31.5656
3.15111	0.879438	0.221107	-3.35794	3.78456	-179.387
3.33123	0.358042	-6.10365	-2.39222	6.28	-200.718
3.50262	-1.00585	-8.81288	-1.47103	3.87203	7.61593
3.65977	-2.28064	-7.03508	-1.06437	1.72553	97.8157
3.79763	-3.10524	-5.02391	-0.859037	1.30133	74.7574
3.91177	-3.60414	-3.74026	-0.729735	1.0035	67.6478
3.99851	-3.88656	-2.78297	-0.643605	0.991308	61.6629
4.05507	-4.02968	-2.30993	-0.589678	0.898276	43.0076
4.07944	-4.08376	-2.11852	-0.568242	0.87151	59.3785
4.07944	-4.08376	-2.11852	-0.568242	0.87151	59.3785
4.10381	-4.13268	-1.90224	-0.546968	0.870406	50.1663
4.16037	-4.22818	-1.48755	-0.499009	0.821101	41.5528
4.24711	-4.33281	-0.936219	-0.431196	0.746612	36.6231
4.36125	-4.40352	-0.327602	-0.350687	0.662514	28.8095
4.49911	-4.40879	0.222067	-0.267274	0.547437	21.1214
4.65626	-4.33591	0.68089	-0.190405	0.435557	15.3646
4.82765	-4.1878	1.02084	-0.12489	0.32968	9.74384
5.00777	-3.98273	1.23875	-0.0745578	0.234562	6.13642
5.19083	-3.74238	1.37408	-0.0378811	0.169594	3.52432
5.37095	-3.4886	1.43329	-0.0123375	0.11545	1.3894
5.54234	-3.24109	1.45147	0.00425414	0.0819009	0.56637
5.69949	-3.01318	1.44391	0.0153929	0.0592105	-0.593958
5.83735	-2.81578	1.41907	0.0221878	0.0412601	-0.844528
5.95149	-2.65503	1.39651	0.0264903	0.0341575	-1.22584
6.03823	-2.53495	1.37117	0.0290812	0.0253174	-1.59851
6.09479	-2.45784	1.35615	0.0304244	0.0231031	-1.20683
6.11916	-2.42487	1.34929	0.03098	0.0220412	-1.96065
6.11916	-2.42487	1.34929	0.03098	0.0220412	-1.96065
6.14353	-2.3921	1.34102	0.0314876	0.0198286	-1.71095
6.20009	-2.31675	1.32342	0.0325257	0.0171119	-1.661
6.28683	-2.20316	1.29503	0.0338482	0.0133044	-1.8366
6.40097	-2.0576	1.2554	0.0350963	0.00883927	-1.91455
6.53883	-1.88791	1.20617	0.0360472	0.00510277	-2.004
6.69598	-1.70291	1.14792	0.0365515	0.00143855	-2.07924
6.86737	-1.51167	1.08378	0.0365483	-0.00123677	-2.08822
7.04749	-1.32253	1.0164	0.036139	-0.00328241	-2.10422
7.23055	-1.1427	0.948468	0.0353749	-0.00491739	-2.07134
7.41067	-0.977753	0.883306	0.0344055	-0.00579869	-2.03054
7.58206	-0.831584	0.822625	0.0333394	-0.00663467	-1.98985
7.73921	-0.706569	0.768732	0.0322587	-0.00703385	-1.92406
7.87707	-0.603768	0.722838	0.0312737	-0.00729896	-1.88758
7.99121	-0.523393	0.685737	0.0304235	-0.00755649	-1.83499
8.07795	-0.465101	0.658348	0.0297677	-0.00755838	-1.80013
8.13451	-0.428367	0.640674	0.0293377	-0.00767183	-1.79151
8.15888	-0.412846	0.633149	0.0291502	-0.00769773	-1.75679
8.15888	-0.412846	0.633149	0.0291502	-0.00769773	-1.75679
8.18325	-0.397507	0.625709	0.0289629	-0.00768346	-1.75743
8.23981	-0.362605	0.60854	0.0285273	-0.0077242	-1.73899
8.32655	-0.310943	0.582689	0.0278551	-0.00776312	-1.70028
8.44069	-0.246336	0.549581	0.0269684	-0.00777564	-1.65316
8.57855	-0.173253	0.510925	0.0258958	-0.00777725	-1.5943
8.7357	-0.0963045	0.468696	0.0246774	-0.00772147	-1.52626
8.90709	-0.0197662	0.424831	0.0233613	-0.00763397	-1.45329
9.08721	0.0527866	0.381189	0.0219971	-0.00750468	-1.37559
9.27027	0.118704	0.339392	0.0206384	-0.0073364	-1.29838
9.45039	0.176316	0.300719	0.0193328	-0.00715669	-1.22328
9.62178	0.224863	0.266152	0.018123	-0.00695669	-1.15285
9.77893	0.264321	0.236309	0.0170447	-0.00676749	-1.09043
9.91679	0.295177	0.211557	0.0161236	-0.00659234	-1.03591
10.0309	0.318203	0.192055	0.01538	-0.00643852	-0.992369
10.1177	0.334241	0.177814	0.0148264	-0.00632452	-0.959593
10.1742	0.344042	0.168801	0.0144709	-0.00624443	-0.938009
10.1986	0.348109	0.164981	0.0143192	-0.0062106	-0.929962
10.1986	0.348109	0.164981	0.0143192	-0.0062106	-0.929962
10.223	0.352083	0.161198	0.0141682	-0.0061783	-0.920651
10.2795	0.360955	0.152568	0.013821	-0.0061003	-0.899845
10.3663	0.373629	0.139727	0.013297	-0.00597987	-0.868693
10.4804	0.388646	0.123547	0.0126236	-0.00582004	-0.828363
10.6183	0.404391	0.105063	0.0118347	-0.00562411	-0.780965
10.7754	0.419335	0.0853595	0.0109685	-0.00539969	-0.728702
10.9468	0.432237	0.0654699	0.0100641	-0.0051539	-0.673815
11.1269	0.442276	0.0462885	0.00915903	-0.00489631	-0.618637
11.31	0.449097	0.0285158	0.00828648	-0.00463686	-0.565125
11.4901	0.45278	0.012639	0.00747408	-0.00438438	-0.515037
11.6615	0.453753	-0.00106204	0.00674293	-0.00414841	-0.469741
11.8187	0.452675	-0.012481	0.00610775	-0.00393593	-0.430175
11.9565	0.450314	-0.0216411	0.00557779	-0.00375319	-0.397054
12.0706	0.447439	-0.028646	0.00515789	-0.00360505	-0.370704
12.1574	0.444736	-0.0336319	0.00484999	-0.00349418	-0.351327
12.214	0.442746	-0.0367305	0.00465439	-0.00342304	-0.339043
12.2383	0.441835	-0.0380294	0.00457134	-0.00339277	-0.333828
12.2383	0.441835	-0.0380294	0.00457134	-0.00339277	-0.333828
12.2627	0.440893	-0.0393065	0.00448903	-0.00336255	-0.328569
12.3192	0.438587	-0.0421879	0.00430083	-0.00329244	-0.316625
12.406	0.434744	-0.0463875	0.00401985	-0.00318616	-0.298795
12.5201	0.429152	-0.0515209	0.00366407	-0.0030487	-0.276129
12.658	0.421654	-0.057151	0.00325501	-0.00288649	-0.249976
12.8151	0.412216	-0.0628468	0.00281556	-0.00270715	-0.221747
12.9865	0.400971	-0.0682336	0.00236786	-0.00251852	-0.192831
13.1666	0.388236	-0.0730291	0.00193146	-0.00232856	-0.164484
13.3497	0.374486	-0.0770595	0.00152219	-0.00214427	-0.137723
13.5298	0.360307	-0.0802579	0.00115163	-0.00197171	-0.113341
13.7012	0.346338	-0.0826493	0.000827179	-0.00181575	-0.0918486
13.8584	0.333211	-0.0843258	0.000552606	-0.0016798	-0.0735507
13.9962	0.321507	-0.0854192	0.000328916	-0.00156631	-0.0585636
14.1104	0.311718	-0.0860749	0.000155312	-0.0014763	-0.0468637
14.1971	0.304235	-0.0864306	3.01278e-05	-0.00141035	-0.0384077
14.2537	0.299342	-0.0865989	-4.84496e-05	-0.00136839	-0.0330267
14.278	0.297231	-0.0866561	-8.15757e-05	-0.00135028	-0.030678
14.278	0.297231	-0.0866561	-8.15757e-05	-0.00135028	-0.030678
14.3024	0.295118	-0.086704	-0.000114258	-0.00133202	-0.0283985
14.359	0.290212	-0.0867813	-0.000188402	-0.00129003	-0.0233165
14.4457	0.282682	-0.0868114	-0.000297583	-0.00122766	-0.0158381
14.5598	0.272779	-0.0866951	-0.000433182	-0.00114905	-0.00648931
14.6977	0.26085	-0.0863331	-0.000585335	-0.0010593	0.00404579
14.8549	0.247332	-0.0856474	-0.000744201	-0.000963628	0.0151532
15.0262	0.232739	-0.0845959	-0.000900914	-0.000866289	0.0262318
15.2064	0.217624	-0.0831828	-0.00104832	-0.000771717	0.0367601
15.3894	0.202551	-0.081457	-0.00118139	-0.000683385	0.046393
15.5696	0.188051	-0.0795053	-0.0012972	-0.000603767	0.0548909
15.7409	0.174598	-0.077441	-0.00139465	-0.000534373	0.0621621
15.8981	0.162588	-0.0753897	-0.00147395	-0.000475643	0.0681843
16.036	0.152325	-0.0734784	-0.00153619	-0.000427701	0.0730068
16.1501	0.144033	-0.071824	-0.00158284	-0.000389992	0.0767077
16.2368	0.137858	-0.0705266	-0.00161547	-0.000362654	0.0793038
16.2934	0.133894	-0.0696634	-0.00163549	-0.00034544	0.0809778
16.3178	0.132201	-0.069287	-0.00164382	-0.000337812	0.0817774
16.3178	0.132201	-0.069287	-0.00164382	-0.000337812	0.0817774
16.3421	0.130517	-0.0689092	-0.00165197	-0.000331226	0.0819447
16.3987	0.126644	-0.0680258	-0.00167033	-0.000318131	0.0834907
16.4854	0.120803	-0.0666459	-0.00169699	-0.000296504	0.0857134
16.5996	0.113302	-0.0647939	-0.0017294	-0.000272124	0.0882293
16.7374	0.104527	-0.0625016	-0.00176495	-0.000243198	0.0914155
16.8946	0.0949142	-0.0598224	-0.00180063	-0.000212244	0.0943655
17.066	0.0849163	-0.0568344	-0.00183462	-0.000184547	0.0974427
17.2461	0.0749675	-0.0536221	-0.00186515	-0.000154676	0.10037
17.4292	0.0654546	-0.0502997	-0.00189117	-0.000130857	0.102793
17.6093	0.056693	-0.0469768	-0.00191267	-0.000106802	0.105357
17.7807	0.0489159	-0.043771	-0.00192886	-8.31873e-05	0.107171
17.9378	0.04227	-0.0408041	-0.00194052	-6.41807e-05	0.109005
18.0757	0.0368259	-0.038172	-0.0019477	-3.90865e-05	0.110588
18.1898	0.0325939	-0.0359837	-0.00195111	-2.18846e-05	0.111245
18.2766	0.029545	-0.0343091	-0.00195232	-3.08508e-06	0.113071
18.3331	0.0276357	-0.0332108	-0.00195199	1.24136e-05	0.111948
18.3575	0.026832	-0.0327494	-0.00195172	6.88701e-06	0.107923
18.3575	0.026832	-0.0327494	-0.00195172	6.88701e-06	0.107923
18.3819	0.0260397	-0.032274	-0.00195152	1.57988e-05	0.117366
18.4384	0.0242464	-0.031148	-0.00194928	5.49359e-05	0.113555
18.5252	0.0216165	-0.0294877	-0.00194484	4.78986e-05	0.113375
18.6393	0.0183795	-0.0272173	-0.00193587	0.000123317	0.118734
18.7771	0.0148163	-0.0244959	-0.0019135	0.000182927	0.114719
18.9343	0.011208	-0.0214017	-0.00188045	0.000264475	0.120317
19.1057	0.00783907	-0.017916	-0.0018173	0.000469052	0.120241
19.2858	0.00493355	-0.0143536	-0.00171836	0.000637715	0.119549
19.4689	0.00264475	-0.0106267	-0.00157147	0.00100535	0.124671
19.649	0.00105763	-0.00704626	-0.0013531	0.00140083	0.115853
19.8204	0.000126171	-0.00382906	-0.00108017	0.00182222	0.11443
19.9775	-0.00025178	-0.0010692	-0.000755204	0.002275	0.0940951
20.1154	-0.000273604	0.000610253	-0.000436509	0.00227757	0.0572164
20.2295	-0.000153713	0.00137908	-0.000188358	0.00201789	0.0190133
20.3163	-3.83536e-05	0.00106065	-4.1618e-05	0.00119659	-0.0721461
20.3728	-1.79218e-06	0.000203506	-1.84421e-06	0.000210879	-0.0856053
20.3972	-1.45149e-19	-3.95767e-18	-3.74459e-19	2.71065e-19	4.26059e-08
