0	0.233333	-2.33802e-16	-3.1415	-3.1415	42.4594
0.00856544	0.233586	0.05925	-3.16834	-3.12602	43.1321
0.0284449	0.236149	0.198962	-3.23009	-3.08487	43.9471
0.0589348	0.245526	0.41671	-3.32299	-3.00531	44.8104
0.0990527	0.26805	0.706237	-3.44094	-2.86846	45.0299
0.147509	0.310654	1.05022	-3.57488	-2.65022	43.6924
0.202745	0.379044	1.42121	-3.71283	-2.3332	40.5847
0.262987	0.475868	1.78497	-3.84121	-1.91889	35.5419
0.326298	0.599455	2.1086	-3.94752	-1.43369	29.3472
0.390642	0.743941	2.37094	-4.02334	-0.922774	22.7252
0.453953	0.900406	2.56009	-4.06605	-0.429509	15.8266
0.514195	1.05836	2.6726	-4.07836	0.0160478	8.79744
0.569432	1.20736	2.71082	-4.06676	0.400437	1.15196
0.617888	1.33827	2.68188	-4.0395	0.722785	-7.03492
0.658005	1.4445	2.60525	-4.00526	0.984092	-15.0638
0.688495	1.52255	2.50809	-3.97221	1.18417	-22.726
0.708375	1.5716	2.42363	-3.94735	1.31751	-27.6021
0.71694	1.59218	2.38318	-3.93582	1.37496	-28.632
0.71694	1.59218	2.38318	-3.93582	1.37496	-28.632
0.725506	1.61241	2.33738	-3.92379	1.4345	-34.5044
0.745385	1.65768	2.21543	-3.89386	1.57713	-38.8819
0.775875	1.72199	1.99299	-3.84237	1.80359	-50.5501
0.815993	1.79439	1.59646	-3.76333	2.1457	-68.8753
0.864449	1.85707	0.960109	-3.64802	2.6276	-92.4707
0.919686	1.88396	-0.0448872	-3.48449	3.32717	-130.982
0.979927	1.83811	-1.54519	-3.2555	4.30546	-172.782
1.04324	1.67967	-3.52149	-2.94743	5.42	-209.678
1.10758	1.38	-5.82019	-2.56805	6.28	-226.904
1.17089	0.941186	-7.96957	-2.16467	6.28	-186.341
1.23114	0.416537	-9.27958	-1.81161	5.31576	-83.5734
1.28637	-0.107188	-9.54267	-1.5516	4.10034	10.7764
1.33483	-0.563845	-9.25427	-1.37618	3.17577	51.5291
1.37495	-0.927105	-8.83037	-1.26122	2.5825	74.9056
1.40544	-1.19019	-8.41902	-1.18795	2.23768	84.5292
1.42532	-1.35482	-8.1451	-1.14539	2.0479	83.1372
1.43388	-1.42408	-8.02306	-1.12816	1.9752	91.6488
1.43388	-1.42408	-8.02306	-1.12816	1.9752	91.6488
1.44245	-1.49225	-7.89558	-1.11153	1.90901	89.2315
1.46233	-1.64632	-7.60473	-1.07501	1.76835	88.8964
1.49282	-1.87134	-7.1555	-1.0239	1.59155	89.636
1.53293	-2.14662	-6.57048	-0.963768	1.41512	87.2465
1.58139	-2.44841	-5.89151	-0.899149	1.26112	83.1757
1.63663	-2.75344	-5.16154	-0.833048	1.13977	77.5065
1.69687	-3.04198	-4.42932	-0.767368	1.04568	70.6598
1.76018	-3.29991	-3.73047	-0.703592	0.972438	63.9926
1.82452	-3.51901	-3.09141	-0.642996	0.912457	57.2651
1.88783	-3.69661	-2.52946	-0.586928	0.859597	51.3266
1.94808	-3.83427	-2.04954	-0.536556	0.81304	46.1175
2.00331	-3.93637	-1.65422	-0.492817	0.770615	41.6143
2.05177	-4.00878	-1.33904	-0.45637	0.733898	38.1543
2.09189	-4.05762	-1.09886	-0.427532	0.703647	35.3032
2.12238	-4.08851	-0.928547	-0.406433	0.680397	33.3588
2.14226	-4.1059	-0.822496	-0.393055	0.665514	32.1683
2.15082	-4.11276	-0.7781	-0.387383	0.659053	31.5231
2.15082	-4.11276	-0.7781	-0.387383	0.659053	31.5231
2.15939	-4.11924	-0.734497	-0.381765	0.652543	31.0656
2.17927	-4.13285	-0.635914	-0.368942	0.637605	29.9273
2.20976	-4.15002	-0.491977	-0.349849	0.614791	28.1999
2.24987	-4.16617	-0.315348	-0.325784	0.585013	26.0811
2.29833	-4.17664	-0.119975	-0.298296	0.549648	23.7044
2.35357	-4.17762	0.0805866	-0.269028	0.51029	21.2246
2.41381	-4.16679	0.274939	-0.239543	0.468892	18.7905
2.47712	-4.14358	0.454552	-0.211182	0.427415	16.4946
2.54146	-4.10908	0.613976	-0.184973	0.387638	14.4198
2.60477	-4.06578	0.750638	-0.161603	0.351066	12.6046
2.66502	-4.01707	0.86408	-0.141441	0.318689	11.0611
2.72025	-3.96677	0.955389	-0.124609	0.291119	9.79417
2.76871	-3.91872	1.02646	-0.111054	0.268589	8.78103
2.80883	-3.87646	1.07944	-0.100634	0.25107	8.01138
2.83932	-3.84298	1.11644	-0.0931727	0.238447	7.46477
2.8592	-3.82056	1.13911	-0.0885117	0.230519	7.11876
2.86776	-3.81076	1.14853	-0.0865515	0.227173	6.97495
2.86776	-3.81076	1.14853	-0.0865515	0.227173	6.97495
2.87633	-3.80088	1.15776	-0.0846198	0.223874	6.8392
2.89621	-3.77766	1.17845	-0.080244	0.216402	6.52439
2.9267	-3.74127	1.20822	-0.0738151	0.205394	6.05838
2.96681	-3.69207	1.24397	-0.0658526	0.191711	5.48473
3.01527	-3.63084	1.28234	-0.0569402	0.176351	4.84636
3.07051	-3.55893	1.32019	-0.0476492	0.160311	4.18481
3.13075	-3.47832	1.35502	-0.0384769	0.14448	3.53516
3.19406	-3.39155	1.38511	-0.0298111	0.129555	2.924
3.2584	-3.30161	1.40959	-0.0219186	0.116027	2.37104
3.32171	-3.21174	1.42833	-0.014955	0.104184	1.88455
3.38196	-3.12527	1.44174	-0.00898746	0.0941219	1.46808
3.43719	-3.04538	1.45062	-0.00402133	0.0858345	1.1234
3.48565	-2.97495	1.45598	-2.43309e-05	0.0792394	0.845808
3.52577	-2.91648	1.45882	0.00305249	0.0742122	0.632295
3.55626	-2.87198	1.46008	0.00526022	0.0706409	0.480708
3.57614	-2.84294	1.46051	0.00664234	0.0684221	0.383722
3.5847	-2.83043	1.4606	0.0072244	0.0674881	0.340448
3.5847	-2.83043	1.4606	0.0072244	0.0674881	0.340448
3.59327	-2.81792	1.46063	0.00779852	0.0665711	0.306136
3.61315	-2.78889	1.46051	0.00910133	0.0645136	0.218991
3.64364	-2.74437	1.45978	0.0110221	0.0615073	0.085879
3.68375	-2.68584	1.45786	0.0134145	0.0578092	-0.0782814
3.73221	-2.61528	1.45417	0.0161148	0.0537082	-0.264353
3.78745	-2.53511	1.44826	0.0189624	0.0494705	-0.460758
3.84769	-2.44811	1.43992	0.0218155	0.0453308	-0.657159
3.911	-2.35727	1.4292	0.0245605	0.0414608	-0.846742
3.97534	-2.26571	1.41643	0.0271138	0.0379729	-1.02298
4.03865	-2.17648	1.40218	0.0294196	0.0349281	-1.18268
4.0989	-2.09246	1.38718	0.0314444	0.0323427	-1.32316
4.15413	-2.01624	1.3723	0.033171	0.0302112	-1.44314
4.20259	-1.95008	1.3584	0.0345931	0.0285077	-1.54255
4.24271	-1.89582	1.34634	0.0357103	0.0272049	-1.62033
4.2732	-1.85491	1.33686	0.0365255	0.0262754	-1.67764
4.29308	-1.8284	1.33053	0.037042	0.0256952	-1.7132
4.30164	-1.81702	1.32777	0.0372611	0.0254534	-1.72655
4.30164	-1.81702	1.32777	0.0372611	0.0254534	-1.72655
4.31021	-1.80566	1.32499	0.0374781	0.0252165	-1.7421
4.33009	-1.77938	1.31846	0.037974	0.0246791	-1.77706
4.36058	-1.73934	1.30824	0.0387143	0.0238903	-1.82887
4.40069	-1.68713	1.29443	0.039653	0.0229134	-1.89508
4.44915	-1.62482	1.27721	0.0407363	0.0218157	-1.97206
4.50439	-1.55483	1.2569	0.041909	0.0206627	-2.05582
4.56463	-1.4798	1.23395	0.0431185	0.0195091	-2.14316
4.62794	-1.40246	1.20899	0.0443179	0.0183958	-2.23067
4.69228	-1.32551	1.18277	0.0454676	0.0173522	-2.31569
4.75559	-1.25146	1.15618	0.0465356	0.0163949	-2.39605
4.81584	-1.18259	1.13018	0.0474971	0.0155357	-2.46949
4.87107	-1.12084	1.10577	0.0483343	0.014782	-2.53495
4.91953	-1.06778	1.08392	0.049035	0.0141393	-2.59073
4.95965	-1.02467	1.06552	0.0495917	0.0136181	-2.63572
4.99014	-0.992395	1.05136	0.0500009	0.013225	-2.66999
5.01002	-0.971587	1.04205	0.0502613	0.0129697	-2.69072
5.01858	-0.962679	1.03802	0.0503719	0.0128623	-2.69784
5.01858	-0.962679	1.03802	0.0503719	0.0128623	-2.69784
5.02715	-0.953805	1.03397	0.0504816	0.0127544	-2.70989
5.04703	-0.933344	1.02454	0.0507326	0.0124971	-2.73262
5.07752	-0.902328	1.00994	0.0511076	0.0121002	-2.76535
5.11763	-0.8622	0.990514	0.0515825	0.0115705	-2.80872
5.16609	-0.814779	0.96671	0.0521273	0.0109154	-2.85967
5.22133	-0.762141	0.939136	0.0527091	0.0101431	-2.91723
5.28157	-0.706484	0.908536	0.0532937	0.00925599	-2.97887
5.34488	-0.649998	0.8758	0.0538486	0.0082637	-3.04248
5.40922	-0.594731	0.841931	0.0543457	0.00717265	-3.10658
5.47253	-0.542498	0.808031	0.0547633	0.00600244	-3.16823
5.53278	-0.494805	0.775251	0.0550888	0.00478343	-3.2267
5.58801	-0.452824	0.744751	0.0553196	0.00355649	-3.27952
5.63647	-0.417391	0.717654	0.055464	0.0023861	-3.32533
5.67659	-0.389054	0.694976	0.055539	0.00133755	-3.3639
5.70708	-0.368129	0.677595	0.0555669	0.000489682	-3.39167
5.72696	-0.354772	0.666196	0.055571	-8.8581e-05	-3.4126
5.73552	-0.349087	0.661262	0.0555691	-0.000349998	-3.42597
5.73552	-0.349087	0.661262	0.0555691	-0.000349998	-3.42597
5.74409	-0.343444	0.656323	0.055565	-0.000610719	-3.42446
5.76397	-0.330511	0.644823	0.0555467	-0.00123253	-3.45155
5.79446	-0.311121	0.627045	0.0554935	-0.00226623	-3.48004
5.83457	-0.286437	0.603508	0.0553746	-0.00367146	-3.51143
5.88303	-0.257888	0.574781	0.0551525	-0.00553375	-3.56207
5.93827	-0.227052	0.541671	0.0547833	-0.00786145	-3.60353
5.99851	-0.195518	0.505184	0.0542279	-0.0106331	-3.65719
6.06182	-0.164762	0.466333	0.053452	-0.01394	-3.70926
6.12616	-0.136036	0.42647	0.0524381	-0.0176294	-3.7505
6.18947	-0.110288	0.386836	0.0511958	-0.0217059	-3.80167
6.24972	-0.0881291	0.348809	0.0497603	-0.0260005	-3.82572
6.30495	-0.0698278	0.313812	0.0482089	-0.0302394	-3.8537
6.35341	-0.0553695	0.28293	0.0466457	-0.0343314	-3.87053
6.39353	-0.0445309	0.257431	0.0451984	-0.0378279	-3.85523
6.42402	-0.0369772	0.238028	0.0440028	-0.0406455	-3.89107
6.4439	-0.0323716	0.225366	0.0431755	-0.0425626	-3.82061
6.45246	-0.0304639	0.220092	0.0428079	-0.0432251	-3.65331
6.45246	-0.0304639	0.220092	0.0428079	-0.0432251	-3.65331
6.46103	-0.0286018	0.214629	0.0424343	-0.0440937	-4.0133
6.48091	-0.0244644	0.20176	0.0415342	-0.0463348	-3.80517
6.5114	-0.0185975	0.183099	0.0400835	-0.0488449	-3.76921
6.55151	-0.0117585	0.157746	0.0380383	-0.0532696	-3.85671
6.59997	-0.00483655	0.128349	0.0353384	-0.0578816	-3.58468
6.65521	0.0013591	0.0958858	0.0320066	-0.0630279	-3.63073
6.71545	0.00607653	0.0612526	0.0280188	-0.0690643	-3.33256
6.77876	0.00891254	0.0288911	0.0235112	-0.073128	-3.01714
6.8431	0.00977786	-0.0014349	0.0186775	-0.0769484	-2.68518
6.90642	0.00890255	-0.024721	0.0137803	-0.0767627	-1.84771
6.96666	0.0069338	-0.0396948	0.00927077	-0.0725617	-1.2447
7.02189	0.00451632	-0.0459887	0.00545296	-0.0643589	-0.0274923
7.07035	0.00237521	-0.0407925	0.00266915	-0.0494906	1.16027
7.11047	0.00092239	-0.0307406	0.000984847	-0.0339695	2.04712
7.14096	0.000186809	-0.0158024	0.00019317	-0.0165195	4.02274
7.16084	7.84697e-06	-0.00257298	7.97955e-06	-0.0026225	3.18874
7.1694	-4.28861e-18	4.25971e-17	6.23163e-18	-4.15123e-18	-4.12888e-06
